5265.81879 14.264 0.005
5266.80234 14.244 0.005
5267.79315 14.232 0.005
5268.83259 14.233 0.005
5269.77878 14.216 0.005
5270.76785 14.208 0.005
5271.85021 14.194 0.005
5272.76413 14.163 0.005
5273.82312 14.158 0.005
5274.78889 14.142 0.005
5275.83576 14.128 0.005
5276.77050 14.109 0.005
5276.89798 14.111 0.005
5277.80685 14.088 0.005
5278.77849 14.067 0.005
5279.78615 14.056 0.005
5280.86957 14.069 0.005
5281.77267 14.031 0.005
5281.90745 14.045 0.005
5282.78511 14.025 0.005
5283.73585 13.998 0.005
5284.88829 13.986 0.005
5285.73724 13.973 0.005
5286.74163 13.980 0.005
5287.75077 13.972 0.005
5288.72729 13.973 0.005
5292.79492 13.968 0.005
5293.80570 13.952 0.005
5295.84356 13.945 0.005
5297.91890 13.945 0.005
5300.86037 13.955 0.005
5304.76982 13.919 0.005
5307.76917 13.936 0.005
5309.84167 13.913 0.005
5311.92890 13.923 0.005
5314.67812 13.890 0.005
5315.81882 13.881 0.005
5321.66482 13.861 0.005
5324.73754 13.896 0.005
5325.85289 13.899 0.005
5327.69375 13.910 0.005
5328.85031 13.924 0.005
5335.75411 13.973 0.005
5337.85506 13.990 0.005
5339.90175 13.986 0.005
5341.73812 14.009 0.005
5342.79813 14.001 0.005
5343.82668 14.017 0.005
5349.61046 14.060 0.005
5352.63133 14.097 0.005
5354.79172 14.124 0.005
5358.73876 14.145 0.005
5364.60317 14.223 0.005
5376.64944 14.392 0.005
5377.53849 14.412 0.005
5379.60700 14.435 0.005
5381.70597 14.463 0.005
5386.78767 14.537 0.005
5390.55806 14.583 0.005
5393.70938 14.637 0.006
5402.66286 14.749 0.005
5403.73278 14.769 0.005
5407.66985 14.834 0.005
5411.49358 14.897 0.005
5416.69152 14.976 0.005
5430.48087 15.194 0.006
5435.67550 15.238 0.006
5444.59546 15.372 0.006
5450.51036 15.382 0.007
5458.53990 15.306 0.006
5468.54304 15.109 0.006
5476.51433 14.879 0.005
5483.52770 14.710 0.006
5485.54469 14.647 0.005
5601.85461 14.243 0.005
5604.85593 14.293 0.005
5605.85203 14.314 0.005
5606.85122 14.329 0.005
5607.85518 14.351 0.005
5608.84377 14.362 0.005
5611.84182 14.420 0.005
5612.85109 14.436 0.005
5613.85837 14.458 0.005
5615.84262 14.490 0.005
5616.83674 14.507 0.005
5621.82777 14.609 0.005
5622.78331 14.634 0.005
5624.77212 14.671 0.005
5626.83094 14.701 0.005
5628.77164 14.736 0.005
5629.76756 14.748 0.005
5632.86160 14.811 0.005
5633.76074 14.815 0.005
5634.91236 14.841 0.005
5635.79129 14.854 0.005
5637.76949 14.893 0.005
5638.90210 14.898 0.005
5639.77556 14.924 0.005
5641.88197 14.953 0.005
5643.87484 15.007 0.005
5647.74802 15.071 0.005
5648.88793 15.083 0.005
5650.82709 15.121 0.005
5652.81379 15.151 0.005
5654.90463 15.183 0.006
5656.87978 15.225 0.005
5658.87495 15.251 0.005
5659.92555 15.263 0.005
5662.84775 15.303 0.005
5664.92332 15.338 0.006
5668.72568 15.350 0.006
5670.83054 15.364 0.006
5676.71563 15.364 0.005
5679.67424 15.347 0.006
5680.84270 15.346 0.006
5682.72038 15.330 0.006
5684.69730 15.304 0.005
5686.69753 15.274 0.005
5688.84960 15.239 0.005
5690.90979 15.179 0.005
5692.79710 15.147 0.005
5693.89686 15.121 0.005
5695.66264 15.075 0.005
5696.78570 15.045 0.005
5697.87425 15.011 0.005
5702.58308 14.867 0.005
5702.76349 14.858 0.006
5703.71992 14.842 0.005
5706.77793 14.746 0.005
5707.91761 14.740 0.005
5709.81823 14.674 0.005
5713.84866 14.577 0.005
5715.90714 14.555 0.005
5721.79574 14.457 0.005
5723.62435 14.443 0.005
5724.75441 14.433 0.005
5726.67637 14.411 0.005
5734.60119 14.347 0.005
5735.85560 14.334 0.005
5737.53900 14.325 0.005
5738.66044 14.312 0.005
5739.81230 14.306 0.005
5741.51272 14.313 0.005
5742.52571 14.305 0.005
5743.65682 14.310 0.005
5744.67859 14.291 0.005
5745.75431 14.279 0.005
5747.64841 14.290 0.005
5749.68322 14.264 0.005
5759.82394 14.210 0.005
5760.51992 14.213 0.005
5762.73604 14.197 0.005
5764.54084 14.181 0.005
5765.69476 14.155 0.005
5767.51952 14.149 0.005
5768.65236 14.134 0.005
5769.78826 14.113 0.005
5777.52726 14.020 0.005
5779.71479 13.995 0.005
5784.48377 13.953 0.005
5784.61494 13.965 0.005
5786.55844 13.938 0.005
5788.49571 13.912 0.005
5790.65918 13.892 0.005
5794.51039 13.869 0.005
5796.60053 13.854 0.005
5802.59415 13.888 0.005
5805.62919 13.880 0.005
5813.47724 13.965 0.005
5816.51815 14.002 0.005
5818.59912 14.036 0.005
5823.57817 14.121 0.005
5824.58483 14.123 0.005
5825.58739 14.143 0.005
5826.57254 14.168 0.005
5828.53901 14.216 0.005
5830.51210 14.252 0.005
5832.53083 14.285 0.005
5834.55304 14.329 0.005
5839.54348 14.443 0.005
5841.54257 14.489 0.005
5843.53250 14.526 0.005
5845.54546 14.576 0.005
5851.50764 14.732 0.005
5860.51359 14.892 0.005
5956.87302 14.691 0.005
5958.87757 14.687 0.005
5959.86262 14.675 0.005
5960.87258 14.673 0.005
5961.85841 14.672 0.005
5962.85481 14.664 0.005
5963.84937 14.666 0.005
5965.86403 14.656 0.005
5966.88590 14.630 0.005
5967.86959 14.636 0.005
5968.86331 14.627 0.005
5969.88105 14.604 0.005
5979.83811 14.485 0.005
5984.84473 14.422 0.005
5987.83734 14.358 0.005
5990.79123 14.303 0.005
5992.86064 14.286 0.005
5995.76699 14.228 0.005
5997.78868 14.174 0.005
5999.79719 14.148 0.005
6002.76691 14.085 0.005
6002.88824 14.085 0.005
6004.86124 14.046 0.005
6006.84570 14.026 0.005
6008.77898 13.969 0.005
6009.90088 13.958 0.005
6011.83128 13.955 0.005
6013.77069 13.897 0.005
6014.88461 13.907 0.005
6016.78370 13.904 0.005
6017.89397 13.884 0.005
6019.79075 13.858 0.005
6020.86538 13.869 0.005
6021.93008 13.830 0.005
6023.76302 13.838 0.005
6024.74623 13.829 0.005
6025.81254 13.823 0.005
6032.78850 13.849 0.005
6034.75791 13.875 0.005
6037.74502 13.893 0.005
6038.72973 13.889 0.005
6039.79522 13.904 0.005
6041.83923 13.937 0.005
6048.72830 14.032 0.005
6049.93100 14.070 0.005
6052.73237 14.112 0.005
6053.86678 14.140 0.005
6057.69201 14.211 0.005
6057.85214 14.235 0.005
6058.86566 14.243 0.005
6059.86324 14.265 0.005
6062.71231 14.325 0.005
6064.71833 14.375 0.005
6065.83046 14.389 0.005
6067.65325 14.437 0.005
6068.77015 14.454 0.005
6069.71183 14.485 0.005
6069.83317 14.484 0.005
6069.92278 14.493 0.005
6071.61756 14.521 0.005
6075.67662 14.624 0.005
6076.81473 14.639 0.005
6078.66394 14.689 0.005
6079.74246 14.711 0.005
6080.77913 14.724 0.005
6081.82899 14.740 0.005
6085.58979 14.823 0.005
6086.58796 14.840 0.005
6087.74937 14.863 0.005
6089.82057 14.899 0.005
6093.69391 14.985 0.005
6094.83192 14.999 0.005
6097.71906 15.049 0.005
6098.77795 15.077 0.005
6100.72546 15.108 0.005
6101.75634 15.115 0.005
6102.79616 15.125 0.005
6103.85337 15.152 0.005
6105.48227 15.179 0.006
6108.58446 15.222 0.005
6113.56796 15.281 0.006
6114.65183 15.312 0.006
6115.70063 15.316 0.006
6116.80511 15.318 0.005
6118.50878 15.343 0.005
6119.53838 15.358 0.006
6120.66811 15.374 0.005
6121.71118 15.384 0.005
6124.50237 15.408 0.006
6125.61995 15.405 0.006
6126.75408 15.428 0.005
6131.52142 15.454 0.006
6133.60532 15.458 0.006
6135.59567 15.472 0.006
6140.61140 15.487 0.007
6141.72457 15.515 0.006
6147.60990 15.457 0.006
6148.57479 15.456 0.005
6151.59789 15.426 0.006
6154.50252 15.396 0.005
6158.59120 15.319 0.005
6160.60827 15.274 0.005
6164.66552 15.185 0.006
6167.59068 15.109 0.005
6168.62014 15.090 0.005
6169.59650 15.050 0.005
6171.60124 14.994 0.005
6172.59670 14.957 0.005
6175.57333 14.851 0.005
6180.62982 14.679 0.005
6183.60881 14.595 0.005
6185.58319 14.551 0.005
6186.57913 14.532 0.005
6195.53589 14.384 0.005
6197.50034 14.361 0.005
6201.53727 14.339 0.005
6205.50604 14.312 0.005
6212.53366 14.269 0.005
6216.54280 14.247 0.005
6221.54579 14.228 0.005
6227.52259 14.211 0.005
6343.85011 15.302 0.005
6348.85507 15.391 0.005
6352.84133 15.452 0.005
6358.88028 15.547 0.005
6360.85071 15.565 0.005
6362.89791 15.580 0.006
6368.87731 15.618 0.006
6370.89071 15.649 0.006
6373.85761 15.684 0.006
6375.79839 15.649 0.006
6377.74924 15.645 0.006
6378.88406 15.625 0.005
6380.84376 15.640 0.006
6382.78313 15.589 0.008
6386.91677 15.551 0.006
6388.80195 15.525 0.006
6389.90130 15.507 0.006
6391.81135 15.447 0.006
6394.85062 15.377 0.005
6396.83802 15.299 0.005
6398.79597 15.219 0.005
6400.76334 15.141 0.005
6402.73508 15.063 0.005
6403.91984 15.008 0.005
6406.86309 14.866 0.005
6408.81271 14.785 0.005
6416.67999 14.519 0.005
6417.87004 14.482 0.005
6419.71468 14.455 0.005
6420.82785 14.426 0.005
6423.66676 14.375 0.005
6424.82481 14.378 0.005
6428.67784 14.328 0.005
6431.80453 14.292 0.005
6432.90731 14.290 0.005
6434.73740 14.279 0.005
6435.86445 14.270 0.005
6436.93666 14.261 0.005
6441.92033 14.232 0.005
6443.70597 14.231 0.005
6445.76643 14.248 0.005
6446.67649 14.229 0.005
6447.75259 14.239 0.005
6448.78408 14.232 0.005
6449.82688 14.234 0.005
6450.87714 14.225 0.005
6452.53794 14.226 0.005
6454.65321 14.222 0.005
6456.52728 14.215 0.005
6457.77954 14.218 0.005
6458.84337 14.210 0.005
6460.57656 14.185 0.005
6461.80861 14.178 0.005
6463.64985 14.166 0.005
6464.75758 14.157 0.005
6469.54526 14.140 0.005
6472.69970 14.151 0.005
6473.82104 14.149 0.005
6475.51863 14.146 0.005
6476.58484 14.142 0.005
6477.68490 14.141 0.005
6479.69242 14.108 0.005
6481.50221 14.108 0.005
6484.49830 14.092 0.005
6486.51783 14.084 0.005
6487.60491 14.081 0.005
6489.77023 14.061 0.005
6491.54565 14.046 0.005
6497.70334 13.977 0.005
6499.48694 13.987 0.005
6501.71104 13.990 0.005
6506.49058 14.018 0.005
6508.63502 14.019 0.005
6510.54114 14.068 0.005
6512.73897 14.092 0.005
6516.52310 14.130 0.005
6519.61938 14.196 0.005
6524.55637 14.282 0.005
6529.53828 14.390 0.005
6532.61501 14.466 0.005
6536.57213 14.549 0.005
6541.60738 14.678 0.005
6545.65019 14.747 0.005
6558.49818 15.042 0.005
6561.54661 15.099 0.005
6564.54220 15.165 0.005
6568.53738 15.237 0.005
6571.49044 15.293 0.005
6573.54731 15.340 0.005
6578.51229 15.399 0.006
6741.84228 14.202 0.005
6742.74745 14.196 0.005
6744.86943 14.266 0.005
6746.76771 14.299 0.005
6749.86192 14.391 0.005
6752.71312 14.436 0.005
6755.81193 14.522 0.005
6756.71507 14.545 0.005
6757.79128 14.588 0.005
6759.81855 14.628 0.005
6761.76289 14.663 0.005
6763.74210 14.715 0.005
6764.91064 14.752 0.005
6764.92522 14.751 0.005
6768.86846 14.839 0.005
6770.71625 14.882 0.005
6771.88885 14.911 0.005
6773.76871 14.943 0.005
6775.69775 14.998 0.005
6776.87709 15.019 0.005
6784.83642 15.168 0.005
6785.81679 15.177 0.005
6786.85022 15.198 0.005
6789.74133 15.234 0.005
6790.82485 15.244 0.005
6791.88224 15.292 0.008
6792.89198 15.277 0.006
6797.69270 15.333 0.006
6799.81784 15.353 0.007
6803.92191 15.364 0.007
6805.59361 15.421 0.006
6806.88671 15.428 0.006
6808.60204 15.451 0.006
6809.63455 15.448 0.006
6810.68123 15.448 0.006
6811.69503 15.462 0.006
6813.82504 15.473 0.006
6814.90878 15.491 0.006
6816.61096 15.483 0.007
6817.72251 15.491 0.006
6819.59594 15.496 0.007
6823.80088 15.531 0.008
6824.84458 15.501 0.006
6825.85816 15.476 0.006
6826.88816 15.475 0.006
6828.56376 15.474 0.006
6829.56429 15.452 0.006
6830.58590 15.469 0.006
6831.73252 15.449 0.006
6832.76516 15.448 0.006
6833.82665 15.437 0.006
6834.83227 15.421 0.007
6836.51106 15.387 0.006
6837.54076 15.386 0.006
6838.53650 15.370 0.006
6839.55124 15.359 0.006
6840.59533 15.351 0.006
6841.72068 15.323 0.006
6842.76473 15.308 0.006
6844.79885 15.228 0.006
6845.77908 15.239 0.005
6847.73074 15.190 0.005
6851.72794 15.115 0.005
6854.49370 15.066 0.005
6856.48847 15.010 0.005
6857.53155 14.982 0.005
6858.60080 14.956 0.005
6859.77326 14.923 0.005
6863.64917 14.847 0.005
6864.72321 14.824 0.005
6871.61098 14.694 0.005
6874.66266 14.638 0.005
6878.56288 14.593 0.005
6880.62393 14.548 0.005
6882.56748 14.513 0.005
6885.49229 14.470 0.005
6886.65598 14.452 0.005
6888.57574 14.436 0.005
6890.50510 14.396 0.005
6891.67596 14.370 0.005
6898.47820 14.265 0.005
6907.61808 14.118 0.005
6912.57228 14.058 0.005
6915.61513 14.021 0.005
6922.55773 13.926 0.005
6925.57086 13.883 0.005
6928.56267 13.842 0.005
6932.52676 13.780 0.005
6938.52019 13.733 0.005
6943.49156 13.734 0.005
7063.88217 15.319 0.006
7069.87345 15.228 0.005
7071.89814 15.187 0.006
7075.89890 15.126 0.006
7077.88392 15.080 0.005
7079.90282 15.054 0.006
7082.83911 14.978 0.005
7083.88690 14.963 0.005
7086.83472 14.898 0.005
7088.87695 14.869 0.005
7090.91153 14.833 0.005
7092.90749 14.787 0.005
7098.84198 14.675 0.005
7100.83368 14.628 0.005
7102.91526 14.574 0.005
7110.83556 14.463 0.005
7112.80270 14.424 0.005
7114.88173 14.414 0.005
7116.88145 14.377 0.005
7118.88130 14.362 0.005
7120.85677 14.354 0.005
7126.78473 14.278 0.005
7130.71970 14.211 0.005
7131.87942 14.221 0.005
7134.70066 14.169 0.005
7135.85535 14.186 0.005
7137.70142 14.139 0.005
7138.80524 14.128 0.005
7140.68941 14.099 0.005
7141.79365 14.128 0.005
7142.93003 14.069 0.005
7144.73753 14.056 0.005
7146.66839 14.043 0.005
7147.68739 14.039 0.005
7152.83607 14.046 0.005
7153.88246 14.018 0.005
7155.66902 14.014 0.005
7156.76191 14.022 0.005
7158.69897 13.984 0.005
7159.74353 13.977 0.005
7160.83325 13.984 0.005
7161.90588 13.978 0.005
7163.61379 13.981 0.005
7164.74531 13.981 0.005
7166.81805 13.972 0.005
7169.79100 13.972 0.005
7170.82781 13.986 0.005
7172.87448 13.955 0.005
7173.90072 13.966 0.005
7174.88766 13.968 0.005
7178.65985 14.014 0.005
7179.85168 13.999 0.005
7180.85170 14.009 0.005
7181.86759 14.018 0.005
7182.88680 14.023 0.005
7183.89238 14.033 0.005
7184.92474 14.045 0.005
7186.60498 14.066 0.005
7187.72313 14.092 0.005
7188.74082 14.092 0.005
7189.82409 14.115 0.005
7190.88682 14.117 0.005
7193.85516 14.186 0.005
7197.60543 14.258 0.005
7198.62975 14.288 0.005
7199.63369 14.305 0.005
7200.63029 14.348 0.005
7202.86754 14.355 0.005
7207.53187 14.474 0.005
7209.67118 14.519 0.005
7211.64999 14.552 0.005
7214.61653 14.627 0.005
7219.54101 14.717 0.005
7220.68489 14.716 0.005
7221.71455 14.793 0.005
7223.50462 14.809 0.005
7224.57547 14.814 0.005
7226.50311 14.866 0.005
7227.51527 14.889 0.005
7228.56142 14.910 0.005
7229.63719 14.941 0.005
7233.48511 15.021 0.005
7236.59456 15.080 0.005
7250.59324 15.343 0.005
7253.63591 15.386 0.005
7256.65545 15.435 0.006
7261.55539 15.480 0.007
7264.50793 15.506 0.006
7267.48217 15.531 0.006
7269.48917 15.556 0.006
7271.49386 15.530 0.007
7274.52257 15.578 0.006
7278.49973 15.550 0.007
7292.49307 15.539 0.007
7294.58955 15.520 0.007
7437.88532 14.398 0.005
7440.83613 14.480 0.005
7444.88866 14.597 0.005
7447.80215 14.661 0.005
7451.82645 14.760 0.005
7452.89780 14.799 0.005
7455.85378 14.854 0.005
7457.88120 14.899 0.005
7460.89022 14.967 0.005
7462.89466 14.999 0.005
7465.85806 15.043 0.005
7470.76194 15.109 0.006
7471.85083 15.134 0.005
7473.75618 15.179 0.005
7480.90917 15.273 0.006
7485.82058 15.352 0.005
7487.73193 15.365 0.006
7488.85679 15.386 0.005
7491.86590 15.412 0.005
7492.87163 15.432 0.005
7493.85891 15.441 0.005
7494.85595 15.464 0.005
7495.81535 15.484 0.006
7498.72136 15.527 0.006
7499.71386 15.528 0.006
7499.91526 15.534 0.006
7500.85638 15.544 0.006
7508.65823 15.610 0.006
7509.77521 15.615 0.006
7511.85022 15.621 0.006
7519.81680 15.616 0.006
7526.65422 15.540 0.006
7528.88983 15.503 0.006
7534.67396 15.381 0.006
7536.66629 15.320 0.005
7545.82776 14.991 0.005
7546.85160 14.956 0.005
7547.80261 14.906 0.005
7549.70584 14.851 0.005
7550.66507 14.800 0.005
7554.61301 14.696 0.005
7555.51611 14.662 0.005
7555.75422 14.654 0.005
7557.69907 14.604 0.005
7560.77401 14.527 0.005
7561.84669 14.548 0.005
7562.50585 14.481 0.005
7566.71443 14.409 0.005
7567.65665 14.392 0.005
7568.48059 14.377 0.005
7568.63135 14.381 0.005
7569.50741 14.368 0.005
7569.65935 14.366 0.005
7570.83700 14.386 0.005
7573.68550 14.320 0.005
7575.48719 14.308 0.005
7575.80844 14.295 0.005
7576.46286 14.276 0.005
7576.81781 14.280 0.005
7577.46385 14.276 0.005
7582.67636 14.251 0.005
7584.73732 14.244 0.005
7589.74878 14.238 0.005
7590.79557 14.236 0.005
7593.73036 14.264 0.005
7599.49213 14.217 0.005
7599.56015 14.214 0.005
7599.62751 14.214 0.005
7599.66442 14.220 0.005
7600.50165 14.213 0.005
7600.59539 14.212 0.005
7600.71945 14.238 0.005
7601.72274 14.184 0.005
7601.75807 14.174 0.005
7603.48958 14.171 0.005
7604.51277 14.157 0.005
7605.53387 14.138 0.005
7607.47661 14.131 0.005
7608.60572 14.131 0.005
7609.71409 14.094 0.005
7611.68361 14.077 0.005
7616.51763 14.008 0.005
7617.66581 13.994 0.005
7619.56071 13.969 0.005
7622.65669 13.962 0.005
7624.55158 13.916 0.005
7626.54690 13.913 0.005
7631.57287 13.899 0.005
7633.64489 13.851 0.005
7636.64343 13.829 0.005
7639.57832 13.842 0.005
7647.53715 13.873 0.005
7650.49446 13.902 0.005
7650.59166 13.889 0.005
7651.50975 13.912 0.005
7652.49647 13.932 0.005
7653.49637 13.938 0.005
7653.56069 13.954 0.005
7654.50099 13.961 0.005
7655.49771 13.987 0.005
7656.48845 13.989 0.005
7656.49912 13.992 0.005
7657.54503 14.014 0.005
7658.50167 14.031 0.005
7659.50222 14.057 0.005
7660.49812 14.076 0.005
7661.49969 14.098 0.005
7662.49979 14.121 0.005
7662.52950 14.122 0.005
7664.48996 14.164 0.005
7664.49849 14.167 0.005
7665.50242 14.202 0.005
7666.50069 14.196 0.005
7667.50579 14.231 0.005
7671.48697 14.345 0.005
7672.48833 14.356 0.005
7673.49490 14.387 0.005
7675.49137 14.453 0.005
7682.49079 14.630 0.005
7683.49000 14.658 0.005
7795.85981 14.697 0.005
7796.85689 14.676 0.005
7797.88215 14.672 0.005
7799.89278 14.639 0.005
7801.88372 14.626 0.005
7803.89729 14.607 0.005
7809.88223 14.573 0.005
7812.85165 14.561 0.005
7815.87959 14.535 0.005
7818.82211 14.516 0.005
7820.85645 14.499 0.005
7822.86506 14.472 0.005
7824.89098 14.447 0.005
7826.88634 14.426 0.005
7828.87387 14.411 0.005
7830.89086 14.350 0.005
7834.86259 14.268 0.005
7836.79799 14.233 0.005
7837.85838 14.221 0.005
7839.74141 14.189 0.005
7840.80929 14.166 0.005
7841.87936 14.161 0.005
7842.92104 14.136 0.005
7844.76078 14.101 0.005
7845.80938 14.096 0.005
7846.86342 14.083 0.005
7847.90143 14.060 0.005
7849.71652 14.026 0.005
7850.74373 14.031 0.005
7851.77677 14.011 0.005
7852.90126 13.992 0.005
7854.83239 13.986 0.005
7855.88322 13.988 0.005
7856.90921 13.976 0.005
7862.77686 13.968 0.005
7863.87374 13.979 0.005
7864.84440 13.979 0.005
7865.84848 14.006 0.005
7866.85905 14.028 0.005
7867.87840 14.008 0.005
7869.70950 14.010 0.005
7870.73636 14.035 0.005
7871.75062 14.039 0.005
7872.76612 14.071 0.005
7873.76123 14.076 0.005
7874.74540 14.066 0.005
7875.83748 14.131 0.005
7876.79320 14.105 0.005
7877.77664 14.139 0.005
7878.80767 14.150 0.005
7879.76935 14.149 0.005
7880.82768 14.155 0.005
7881.91998 14.176 0.005
7882.92665 14.191 0.005
7890.86529 14.315 0.005
7893.83060 14.355 0.005
7894.70957 14.378 0.005
7895.59601 14.377 0.005
7897.76731 14.426 0.005
7902.57471 14.511 0.005
7902.83117 14.513 0.005
7903.90797 14.534 0.005
7904.82624 14.563 0.005
7905.68756 14.579 0.005
7906.58029 14.589 0.005
7906.83671 14.609 0.005
7907.72282 14.626 0.005
7908.67518 14.645 0.005
7909.55851 14.651 0.005
7909.80648 14.669 0.005
7910.59194 14.677 0.005
7910.85553 14.689 0.005
7911.71273 14.734 0.005
7916.67319 14.819 0.005
7916.89549 14.791 0.005
7917.75046 14.828 0.005
7918.62910 14.852 0.005
7922.71015 14.934 0.005
7923.73392 14.948 0.005
7924.55025 14.964 0.005
7924.79990 14.969 0.005
7925.71556 15.000 0.005
7926.62641 15.018 0.005
7932.75133 15.140 0.005
7933.60832 15.158 0.005
7934.54345 15.179 0.005
7934.78915 15.165 0.006
7935.64231 15.183 0.005
7936.52113 15.201 0.005
7936.79336 15.208 0.006
7937.60499 15.229 0.005
7938.53319 15.254 0.006
7944.51125 15.342 0.007
7944.60485 15.349 0.006
7944.72646 15.382 0.007
7945.48360 15.353 0.006
7945.71689 15.362 0.005
7946.56423 15.376 0.006
7946.82119 15.372 0.006
7947.77232 15.256 0.006
7948.65229 15.401 0.006
7949.58883 15.403 0.006
7952.73648 15.447 0.006
7953.64210 15.466 0.006
7954.53457 15.474 0.006
7955.73450 15.489 0.006
7956.66417 15.454 0.007
7957.71986 15.521 0.006
7958.74656 15.524 0.006
7959.64317 15.458 0.006
7960.52867 15.547 0.006
7961.51622 15.561 0.005
7962.49399 15.566 0.006
7964.55407 15.581 0.006
7965.66116 15.552 0.007
7966.62668 15.594 0.007
7967.66856 15.595 0.008
7971.51862 15.622 0.007
7971.61867 15.617 0.007
7971.71105 15.610 0.007
7972.55142 15.603 0.008
7972.65681 15.612 0.007
7973.58696 15.628 0.007
7974.57476 15.631 0.006
7975.65283 15.604 0.007
7980.53872 15.598 0.007
7981.61036 15.576 0.006
7982.64656 15.558 0.006
7984.51731 15.541 0.007
7985.58367 15.529 0.007
7987.48736 15.516 0.006
7990.57114 15.465 0.006
7991.63821 15.452 0.006
7993.50655 15.444 0.007
7994.56601 15.415 0.006
7998.53812 15.328 0.006
7998.64211 15.332 0.007
8000.56627 15.283 0.006
8001.53848 15.258 0.005
8003.49575 15.221 0.007
8007.50968 15.082 0.007
8010.57603 15.029 0.005
8013.53872 14.929 0.005
8015.56589 14.865 0.005
8018.52745 14.766 0.005
8021.51682 14.669 0.005
8026.55665 14.554 0.005
8035.55812 14.405 0.005
8164.86944 15.106 0.005
8166.86079 15.133 0.005
8167.89889 15.160 0.006
8169.86560 15.200 0.005
8170.88916 15.208 0.005
8172.83366 15.241 0.005
8173.85448 15.254 0.005
8174.86687 15.266 0.005
8175.88904 15.277 0.005
8176.89512 15.296 0.005
8181.90275 15.350 0.006
8184.80283 15.392 0.006
8185.84356 15.408 0.006
8189.84773 15.441 0.006
8191.80764 15.472 0.006
8193.78320 15.502 0.006
8194.87974 15.493 0.006
8196.79756 15.513 0.006
8197.85877 15.516 0.006
8199.74544 15.551 0.006
8200.84179 15.547 0.006
8201.90732 15.563 0.006
8203.76148 15.573 0.006
8204.81559 15.582 0.006
8205.88377 15.579 0.006
8207.73174 15.608 0.007
8208.75850 15.580 0.006
8209.78613 15.596 0.006
8210.79914 15.590 0.006
8211.81296 15.600 0.007
8217.87233 15.547 0.006
8220.92332 15.540 0.006
8222.71289 15.491 0.006
8223.84164 15.474 0.006
8224.87471 15.471 0.006
8227.70826 15.416 0.006
8228.77756 15.398 0.005
8229.82141 15.389 0.005
8230.84231 15.366 0.005
8233.75862 15.314 0.005
8238.68498 15.210 0.006
8244.68063 15.051 0.005
8245.75128 15.022 0.005
8246.73483 14.992 0.005
8247.65738 14.966 0.005
8247.91457 14.957 0.005
8249.76570 14.892 0.005
8250.71093 14.860 0.005
8251.63561 14.824 0.005
8251.89547 14.808 0.005
8253.72364 14.754 0.005
8254.75587 14.736 0.005
8255.71481 14.687 0.005
8256.66362 14.656 0.005
8256.92853 14.653 0.005
8257.87009 14.623 0.005
8258.89076 14.616 0.005
8259.86297 14.569 0.005
8261.64868 14.517 0.005
8262.65434 14.499 0.005
8262.91099 14.487 0.005
8263.86333 14.494 0.005
8264.88131 14.458 0.005
8265.79501 14.455 0.005
8271.60525 14.375 0.005
8271.86971 14.371 0.005
8272.86515 14.368 0.005
8273.75186 14.358 0.005
8274.59922 14.347 0.005
8274.85817 14.349 0.005
8275.76539 14.350 0.005
8276.63069 14.334 0.005
8276.88741 14.332 0.005
8277.82636 14.339 0.005
8278.67837 14.328 0.005
8282.73094 14.273 0.005
8283.57415 14.281 0.005
8283.83642 14.278 0.005
8284.67824 14.273 0.005
8285.73891 14.271 0.005
8286.70757 14.272 0.005
8287.57674 14.257 0.005
8287.87301 14.341 0.005
8288.75277 14.255 0.005
8289.59712 14.262 0.005
8289.88397 14.246 0.005
8290.80206 14.254 0.005
8291.73353 14.273 0.005
8292.61262 14.249 0.005
8293.53613 14.250 0.005
8294.57208 14.241 0.005
8299.50560 14.212 0.005
8301.67994 14.200 0.005
8302.70660 14.194 0.005
8304.71067 14.195 0.005
8305.73631 14.165 0.005
8306.74077 14.147 0.005
8307.58390 14.140 0.005
8308.46287 14.124 0.005
8308.71985 14.143 0.005
8309.58989 14.123 0.005
8310.46262 14.114 0.005
8310.66199 14.106 0.005
8311.51092 14.103 0.005
8311.77026 14.101 0.005
8312.65222 14.102 0.005
8313.54472 14.101 0.005
8313.79239 14.080 0.005
8314.69041 14.073 0.005
8316.55831 14.054 0.005
8320.51391 13.984 0.005
8320.77057 13.947 0.005
8328.54504 13.936 0.005
8329.46461 13.930 0.005
8329.70933 13.931 0.005
8331.49607 13.925 0.005
8332.52171 13.915 0.005
8333.51886 13.919 0.005
8334.54592 13.900 0.005
8335.68124 13.921 0.005
8336.73829 13.920 0.005
8339.48350 13.932 0.005
8340.57205 13.942 0.005
8341.63950 13.964 0.005
8343.54855 13.958 0.005
8345.50021 13.989 0.005
8346.55510 14.001 0.005
8347.62183 14.015 0.005
8353.62372 14.111 0.005
8356.51099 14.161 0.005
8357.68276 14.182 0.005
8359.52929 14.218 0.005
8360.61978 14.253 0.005
8364.47616 14.328 0.005
8366.58027 14.378 0.005
8368.58584 14.443 0.005
8370.52872 14.474 0.005
8372.49498 14.519 0.005
8375.52093 14.641 0.005
8376.60833 14.635 0.005
8381.52792 14.758 0.005
8383.54102 14.807 0.005
8385.51594 14.874 0.005
8390.48259 14.969 0.005
8393.57534 15.035 0.005
8401.56301 15.173 0.005
8516.87900 14.240 0.005
8518.88314 14.190 0.005
8522.88404 14.142 0.005
8523.88710 14.119 0.005
8526.88196 14.072 0.005
8528.86584 14.017 0.005
8536.85705 13.930 0.005
8538.88869 13.886 0.005
8540.86430 13.861 0.005
8544.81061 13.799 0.005
8546.85580 13.763 0.005
8547.86181 13.726 0.005
8548.88180 13.719 0.005
8549.87103 13.694 0.005
8550.89458 13.663 0.005
8551.90597 13.676 0.005
8553.83889 13.647 0.005
8554.81618 13.659 0.005
8555.79096 13.648 0.005
8555.88947 13.652 0.005
8556.86475 13.644 0.005
8557.83336 13.644 0.005
8558.79826 13.652 0.005
8558.88848 13.644 0.005
8559.84442 13.677 0.005
8560.80629 13.667 0.005
8560.90586 13.678 0.005
8561.86451 13.680 0.005
8562.82097 13.676 0.005
8563.76562 13.681 0.005
8563.88333 13.695 0.005
8564.83426 13.689 0.005
8565.78765 13.713 0.005
8565.89855 13.712 0.005
8566.86700 13.732 0.005
8574.72074 13.796 0.005
8574.89209 13.808 0.005
8575.79731 13.820 0.005
8575.88613 13.823 0.005
8576.82294 13.838 0.005
8576.91458 13.846 0.005
8577.88359 13.849 0.005
8578.75592 13.875 0.005
8578.87338 13.874 0.005
8579.74638 13.898 0.005
8579.84229 13.900 0.005
8580.73118 13.917 0.005
8580.83774 13.921 0.005
8581.73141 13.939 0.005
8582.70168 13.949 0.005
8582.90777 13.990 0.005
8583.84671 13.982 0.005
8584.80767 14.015 0.005
8585.77849 14.034 0.005
8586.72795 14.036 0.005
8587.70904 14.068 0.005
8588.68844 14.081 0.005
8588.89640 14.123 0.005
8589.81846 14.137 0.005
8590.77128 14.167 0.005
8591.73582 14.178 0.005
8592.80157 14.204 0.005
8593.76077 14.244 0.005
8594.71128 14.267 0.005
8599.69684 14.429 0.005
8599.80590 14.416 0.005
8599.92708 14.427 0.005
8600.83497 14.458 0.005
8601.73804 14.487 0.005
8602.69933 14.504 0.005
8603.66902 14.534 0.005
8603.90417 14.556 0.005
8604.86478 14.571 0.005
8605.76515 14.605 0.005
8606.70330 14.634 0.005
8607.66756 14.648 0.005
8607.88077 14.652 0.005
8608.84468 14.694 0.005
8612.76129 14.789 0.005
8613.65420 14.812 0.005
8613.90026 14.813 0.005
8614.78429 14.837 0.005
8615.71104 14.872 0.005
8616.64433 14.882 0.005
8616.87110 14.898 0.005
8617.75040 14.903 0.005
8618.66657 14.923 0.005
8619.62490 14.957 0.005
8619.84234 14.964 0.005
8620.72147 14.976 0.005
8621.69775 15.005 0.005
8626.62387 15.094 0.006
8626.72210 15.100 0.005
8626.82638 15.099 0.005
8626.92494 15.104 0.005
8627.70251 15.124 0.005
8635.67476 15.258 0.005
8636.56358 15.261 0.005
8636.76217 15.263 0.005
8637.59348 15.283 0.005
8637.81852 15.276 0.005
8638.68922 15.295 0.005
8639.67328 15.309 0.005
8640.59418 15.303 0.005
8640.84411 15.317 0.005
8641.70970 15.342 0.005
8642.89376 15.336 0.006
8643.74575 15.345 0.005
8644.57651 15.364 0.006
8644.83827 15.362 0.005
8645.63414 15.374 0.006
8646.66324 15.387 0.006
8647.59693 15.401 0.006
8647.81312 15.391 0.006
8648.73027 15.379 0.006
8655.63710 15.442 0.005
8656.65208 15.450 0.006
8657.55060 15.447 0.005
8657.80052 15.437 0.005
8660.59518 15.448 0.006
8661.59625 15.454 0.006
8664.57102 15.446 0.005
8666.51490 15.438 0.006
8667.54013 15.433 0.007
8668.46589 15.422 0.007
8668.82771 15.415 0.006
8669.80527 15.409 0.005
8670.77184 15.411 0.005
8674.57408 15.378 0.006
8675.63478 15.385 0.005
8676.75243 15.360 0.005
8681.50727 15.299 0.006
8682.53316 15.311 0.005
8683.75993 15.289 0.006
8684.74376 15.281 0.005
8688.62551 15.238 0.006
8689.78243 15.229 0.006
8690.50298 15.217 0.006
8691.53134 15.211 0.005
8692.54063 15.220 0.005
8693.53864 15.186 0.005
8694.75107 15.184 0.005
8697.75277 15.127 0.007
8699.69283 15.155 0.005
8701.66418 15.124 0.005
8708.60558 15.074 0.005
8712.63933 15.007 0.005
8716.51519 14.961 0.005
8718.65870 14.901 0.005
8723.60712 14.799 0.005
8725.60816 14.743 0.005
8727.63143 14.707 0.005
8729.64993 14.678 0.005
8731.61090 14.648 0.005
8738.60541 14.560 0.005
8741.61734 14.497 0.005
8747.55863 14.409 0.005
8757.59314 14.240 0.005
