5265.81879 18.764 0.036
5266.80234 18.768 0.037
5267.79315 18.803 0.040
5268.83259 18.873 0.037
5269.77878 18.736 0.037
5270.76785 18.857 0.040
5271.85021 18.804 0.037
5272.76413 18.756 0.056
5273.82312 18.781 0.033
5274.78889 18.806 0.046
5275.83576 18.880 0.046
5276.77050 18.832 0.044
5276.89798 18.831 0.035
5277.80685 18.863 0.051
5278.77849 18.904 0.051
5279.78615 18.870 0.060
5280.86957 18.821 0.034
5281.77267 18.897 0.043
5281.90745 18.898 0.037
5282.78511 18.929 0.049
5283.73585 18.950 0.082
5284.88829 18.854 0.049
5285.73724 18.904 0.065
5286.74163 18.905 0.057
5287.75077 18.890 0.053
5288.72729 19.002 0.063
5292.79492 18.916 0.042
5293.80570 19.047 0.052
5295.84356 18.982 0.040
5297.91890 18.975 0.046
5300.86037 19.076 0.040
5304.76982 19.018 0.053
5307.76917 19.080 0.046
5309.84167 19.119 0.052
5311.92890 19.108 0.068
5314.67812 19.162 0.094
5315.81882 19.127 0.083
5321.66482 19.168 0.082
5324.73754 19.237 0.060
5325.85289 19.199 0.064
5327.69375 19.382 0.061
5328.85031 19.265 0.061
5335.75411 19.304 0.052
5337.85506 19.319 0.085
5339.90175 19.438 0.125
5341.73812 19.267 0.064
5342.79813 19.446 0.121
5343.82668 19.323 0.101
5349.61046 19.617 0.148
5352.63133 19.695 0.108
5354.79172 19.457 0.076
5358.73876 19.378 0.074
5364.60317 19.467 0.059
5376.64944 19.658 0.143
5377.53849 19.804 0.138
5379.60700 19.535 0.073
5381.70597 19.566 0.116
5386.78767 19.488 0.065
5390.55806 19.609 0.090
5393.70938 19.578 0.113
5402.66286 19.552 0.134
5403.73278 19.578 0.105
5407.66985 19.654 0.124
5411.49358 19.545 0.062
5416.69152 19.514 0.100
5430.48087 19.535 0.138
5435.67550 19.387 0.075
5444.59546 19.392 0.078
5450.51036 19.332 0.096
5458.53990 19.023 0.089
5468.54304 18.583 0.051
5476.51433 18.551 0.052
5483.52770 18.555 0.099
5485.54469 18.559 0.055
5601.85461 19.482 0.097
5604.85593 19.359 0.093
5605.85203 19.385 0.074
5606.85122 19.427 0.081
5607.85518 19.429 0.081
5608.84377 19.552 0.113
5611.84182 19.534 0.139
5612.85109 19.495 0.102
5613.85837 19.424 0.122
5615.84262 19.534 0.088
5616.83674 19.538 0.123
5621.82777 19.531 0.096
5622.78331 19.552 0.092
5624.77212 19.596 0.100
5626.83094 19.534 0.097
5628.77164 20.015 0.181
5629.76756 19.675 0.110
5632.86160 19.500 0.069
5633.76074 19.462 0.078
5634.91236 19.876 0.219
5635.79129 19.523 0.107
5637.76949 19.497 0.132
5638.90210 19.500 0.077
5639.77556 19.754 0.124
5641.88197 19.795 0.125
5643.87484 19.445 0.074
5647.74802 19.519 0.077
5648.88793 19.420 0.074
5650.82709 19.506 0.061
5652.81379 19.428 0.048
5654.90463 19.720 0.100
5656.87978 19.610 0.071
5658.87495 19.603 0.077
5659.92555 19.484 0.094
5662.84775 19.605 0.088
5664.92332 19.335 0.078
5668.72568 19.598 0.107
5670.83054 19.416 0.110
5676.71563 19.694 0.062
5679.67424 19.755 0.098
5680.84270 19.335 0.062
5682.72038 19.655 0.095
5684.69730 19.550 0.076
5686.69753 19.594 0.080
5688.84960 19.597 0.072
5690.90979 20.059 0.196
5692.79710 19.517 0.087
5693.89686 19.250 0.076
5695.66264 19.445 0.076
5696.78570 19.472 0.075
5697.87425 19.530 0.093
5702.58308 19.257 0.115
5702.76349 19.483 0.195
5703.71992 19.440 0.102
5706.77793 19.137 0.071
5707.91761 18.980 0.079
5709.81823 19.049 0.042
5713.84866 19.045 0.060
5715.90714 18.727 0.056
5721.79574 18.494 0.034
5723.62435 18.571 0.035
5724.75441 18.435 0.036
5726.67637 18.450 0.056
5734.60119 18.059 0.027
5735.85560 18.027 0.031
5737.53900 18.063 0.021
5738.66044 18.077 0.018
5739.81230 17.935 0.024
5741.51272 18.008 0.025
5742.52571 18.016 0.025
5743.65682 17.999 0.027
5744.67859 17.986 0.021
5745.75431 17.997 0.023
5747.64841 17.979 0.032
5749.68322 17.930 0.025
5759.82394 17.947 0.039
5760.51992 18.008 0.027
5762.73604 18.002 0.027
5764.54084 18.162 0.023
5765.69476 18.088 0.026
5767.51952 18.119 0.026
5768.65236 18.194 0.023
5769.78826 18.069 0.028
5777.52726 18.311 0.025
5779.71479 18.301 0.032
5784.48377 18.424 0.047
5784.61494 18.380 0.035
5786.55844 18.350 0.044
5788.49571 18.458 0.037
5790.65918 18.481 0.035
5794.51039 18.509 0.037
5796.60053 18.575 0.038
5802.59415 18.640 0.057
5805.62919 18.629 0.048
5813.47724 18.598 0.046
5816.51815 18.683 0.039
5818.59912 18.712 0.067
5823.57817 18.974 0.067
5824.58483 18.837 0.047
5825.58739 18.909 0.056
5826.57254 18.816 0.059
5828.53901 18.859 0.043
5830.51210 18.845 0.041
5832.53083 18.886 0.046
5834.55304 19.011 0.054
5839.54348 19.455 0.117
5841.54257 19.104 0.089
5843.53250 19.151 0.088
5845.54546 19.130 0.108
5851.50764 19.044 0.109
5860.51359 19.418 0.119
5956.87302 19.544 0.100
5958.87757 19.504 0.121
5959.86262 19.386 0.077
5960.87258 19.386 0.063
5961.85841 19.405 0.083
5962.85481 19.457 0.092
5963.84937 19.491 0.140
5965.86403 19.381 0.084
5966.88590 19.343 0.107
5967.86959 19.191 0.067
5968.86331 19.524 0.112
5969.88105 19.244 0.075
5979.83811 19.259 0.069
5984.84473 19.078 0.046
5987.83734 19.116 0.059
5990.79123 18.868 0.041
5992.86064 18.875 0.039
5995.76699 18.795 0.053
5997.78868 18.671 0.042
5999.79719 18.709 0.051
6002.76691 18.763 0.056
6002.88824 18.749 0.048
6004.86124 18.729 0.039
6006.84570 18.712 0.030
6008.77898 18.765 0.039
6009.90088 18.709 0.031
6011.83128 18.582 0.043
6013.77069 18.469 0.031
6014.88461 18.596 0.033
6016.78370 18.693 0.031
6017.89397 18.603 0.024
6019.79075 18.612 0.037
6020.86538 18.645 0.025
6021.93008 18.626 0.081
6023.76302 18.578 0.033
6024.74623 18.606 0.041
6025.81254 18.713 0.055
6032.78850 18.583 0.031
6034.75791 18.598 0.028
6037.74502 18.727 0.039
6038.72973 18.661 0.037
6039.79522 18.590 0.038
6041.83923 18.695 0.038
6048.72830 18.786 0.036
6049.93100 18.780 0.043
6052.73237 18.901 0.055
6053.86678 18.763 0.059
6057.69201 18.800 0.042
6057.85214 18.783 0.039
6058.86566 18.865 0.046
6059.86324 18.845 0.037
6062.71231 18.866 0.046
6064.71833 18.902 0.034
6065.83046 18.940 0.044
6067.65325 18.929 0.046
6068.77015 18.807 0.037
6069.71183 18.899 0.036
6069.83317 18.919 0.035
6069.92278 19.191 0.049
6071.61756 18.999 0.038
6075.67662 19.057 0.041
6076.81473 18.964 0.046
6078.66394 19.167 0.058
6079.74246 19.016 0.042
6080.77913 19.058 0.053
6081.82899 19.025 0.054
6085.58979 19.091 0.072
6086.58796 19.070 0.056
6087.74937 19.290 0.073
6089.82057 19.005 0.049
6093.69391 19.115 0.044
6094.83192 19.164 0.061
6097.71906 19.247 0.068
6098.77795 19.221 0.062
6100.72546 19.220 0.053
6101.75634 19.252 0.054
6102.79616 19.144 0.051
6103.85337 19.333 0.089
6105.48227 19.390 0.108
6108.58446 19.310 0.074
6113.56796 19.336 0.091
6114.65183 19.294 0.079
6115.70063 19.331 0.085
6116.80511 19.187 0.057
6118.50878 19.286 0.061
6119.53838 19.306 0.065
6120.66811 19.406 0.061
6121.71118 19.343 0.047
6124.50237 19.505 0.093
6125.61995 19.474 0.078
6126.75408 19.277 0.062
6131.52142 19.470 0.080
6133.60532 19.525 0.081
6135.59567 19.506 0.090
6140.61140 19.857 0.190
6141.72457 19.836 0.152
6147.60990 19.512 0.102
6148.57479 19.491 0.057
6151.59789 19.726 0.112
6154.50252 19.573 0.084
6158.59120 19.397 0.075
6160.60827 19.616 0.084
6164.66552 19.494 0.148
6167.59068 19.838 0.109
6168.62014 19.411 0.127
6169.59650 19.526 0.084
6171.60124 19.724 0.097
6172.59670 19.509 0.067
6175.57333 19.433 0.087
6180.62982 19.883 0.176
6183.60881 19.640 0.085
6185.58319 19.608 0.077
6186.57913 19.657 0.094
6195.53589 19.677 0.098
6197.50034 19.641 0.119
6201.53727 20.165 0.279
6205.50604 19.812 0.105
6212.53366 19.772 0.105
6216.54280 19.681 0.102
6221.54579 19.330 0.134
6227.52259 19.704 0.180
6343.85011 19.140 0.063
6348.85507 19.267 0.056
6352.84133 19.197 0.055
6358.88028 19.136 0.047
6360.85071 19.416 0.059
6362.89791 19.165 0.054
6368.87731 19.274 0.054
6370.89071 19.265 0.059
6373.85761 19.485 0.072
6375.79839 19.275 0.057
6377.74924 19.444 0.069
6378.88406 19.313 0.049
6380.84376 19.237 0.056
6382.78313 19.285 0.159
6386.91677 19.324 0.089
6388.80195 19.346 0.061
6389.90130 19.266 0.064
6391.81135 19.554 0.109
6394.85062 19.430 0.076
6396.83802 19.421 0.051
6398.79597 19.553 0.063
6400.76334 19.569 0.071
6402.73508 19.782 0.111
6403.91984 19.415 0.060
6406.86309 19.400 0.074
6408.81271 19.860 0.149
6416.67999 19.474 0.083
6417.87004 19.429 0.077
6419.71468 19.536 0.071
6420.82785 19.518 0.052
6423.66676 19.667 0.089
6424.82481 19.594 0.061
6428.67784 19.626 0.102
6431.80453 19.544 0.078
6432.90731 19.413 0.064
6434.73740 19.588 0.078
6435.86445 19.436 0.071
6436.93666 19.635 0.137
6441.92033 19.378 0.114
6443.70597 20.231 0.160
6445.76643 19.547 0.071
6446.67649 19.412 0.049
6447.75259 19.535 0.065
6448.78408 19.567 0.063
6449.82688 19.778 0.098
6450.87714 19.552 0.080
6452.53794 19.596 0.070
6454.65321 19.655 0.072
6456.52728 19.512 0.058
6457.77954 19.530 0.061
6458.84337 19.620 0.081
6460.57656 19.965 0.163
6461.80861 19.517 0.067
6463.64985 19.511 0.085
6464.75758 19.570 0.104
6469.54526 19.813 0.125
6472.69970 19.555 0.081
6473.82104 19.369 0.078
6475.51863 19.466 0.087
6476.58484 19.421 0.069
6477.68490 19.631 0.082
6479.69242 19.721 0.098
6481.50221 19.705 0.108
6484.49830 19.590 0.083
6486.51783 19.474 0.078
6487.60491 19.453 0.053
6489.77023 19.403 0.084
6491.54565 19.590 0.095
6497.70334 19.738 0.131
6499.48694 19.360 0.063
6501.71104 19.361 0.060
6506.49058 19.095 0.073
6508.63502 19.050 0.040
6510.54114 18.997 0.038
6512.73897 18.885 0.063
6516.52310 18.927 0.062
6519.61938 18.816 0.039
6524.55637 18.785 0.042
6529.53828 18.686 0.040
6532.61501 18.672 0.032
6536.57213 18.597 0.030
6541.60738 18.654 0.030
6545.65019 18.417 0.033
6558.49818 18.485 0.028
6561.54661 18.582 0.039
6564.54220 18.480 0.036
6568.53738 18.515 0.044
6571.49044 18.558 0.044
6573.54731 18.566 0.036
6578.51229 18.600 0.047
6741.84228 19.424 0.061
6742.74745 19.752 0.089
6744.86943 19.542 0.056
6746.76771 19.304 0.057
6749.86192 19.637 0.065
6752.71312 19.562 0.080
6755.81193 19.568 0.079
6756.71507 19.371 0.057
6757.79128 19.152 0.048
6759.81855 19.245 0.047
6761.76289 19.309 0.070
6763.74210 19.175 0.057
6764.91064 19.179 0.051
6764.92522 19.272 0.061
6768.86846 19.001 0.039
6770.71625 19.183 0.043
6771.88885 19.050 0.042
6773.76871 19.131 0.049
6775.69775 19.099 0.041
6776.87709 18.874 0.043
6784.83642 18.740 0.038
6785.81679 18.686 0.032
6786.85022 18.714 0.037
6789.74133 18.593 0.036
6790.82485 18.563 0.038
6791.88224 18.556 0.040
6792.89198 18.600 0.052
6797.69270 18.536 0.038
6799.81784 18.477 0.050
6803.92191 18.452 0.032
6805.59361 18.515 0.035
6806.88671 18.432 0.041
6808.60204 18.420 0.035
6809.63455 18.429 0.027
6810.68123 18.468 0.030
6811.69503 18.436 0.037
6813.82504 18.450 0.031
6814.90878 18.393 0.038
6816.61096 18.396 0.041
6817.72251 18.474 0.028
6819.59594 18.540 0.049
6823.80088 18.554 0.040
6824.84458 18.498 0.040
6825.85816 18.475 0.043
6826.88816 18.444 0.043
6828.56376 18.503 0.029
6829.56429 18.509 0.040
6830.58590 18.513 0.038
6831.73252 18.560 0.029
6832.76516 18.477 0.035
6833.82665 18.529 0.052
6834.83227 18.520 0.052
6836.51106 18.559 0.049
6837.54076 18.588 0.033
6838.53650 18.580 0.039
6839.55124 18.601 0.035
6840.59533 18.476 0.037
6841.72068 18.488 0.037
6842.76473 18.574 0.038
6844.79885 18.574 0.037
6845.77908 18.589 0.034
6847.73074 18.635 0.047
6851.72794 18.623 0.048
6854.49370 18.700 0.041
6856.48847 18.657 0.041
6857.53155 18.808 0.038
6858.60080 18.742 0.026
6859.77326 18.940 0.075
6863.64917 18.835 0.035
6864.72321 18.882 0.042
6871.61098 18.973 0.058
6874.66266 19.011 0.061
6878.56288 18.995 0.084
6880.62393 18.962 0.093
6882.56748 18.998 0.054
6885.49229 19.115 0.063
6886.65598 19.109 0.060
6888.57574 19.110 0.051
6890.50510 19.131 0.062
6891.67596 19.173 0.073
6898.47820 19.194 0.070
6907.61808 19.234 0.076
6912.57228 19.289 0.073
6915.61513 19.461 0.101
6922.55773 19.302 0.087
6925.57086 19.258 0.092
6928.56267 19.515 0.112
6932.52676 19.790 0.142
6938.52019 19.363 0.105
6943.49156 19.682 0.183
7063.88217 18.399 0.037
7069.87345 18.377 0.030
7071.89814 18.523 0.048
7075.89890 18.419 0.050
7077.88392 18.415 0.032
7079.90282 18.496 0.060
7082.83911 18.491 0.029
7083.88690 18.539 0.030
7086.83472 18.576 0.040
7088.87695 18.540 0.035
7090.91153 18.568 0.050
7092.90749 18.576 0.040
7098.84198 18.654 0.030
7100.83368 18.651 0.033
7102.91526 18.661 0.043
7110.83556 18.731 0.031
7112.80270 18.686 0.042
7114.88173 18.743 0.035
7116.88145 18.780 0.044
7118.88130 18.858 0.041
7120.85677 18.847 0.048
7126.78473 18.899 0.036
7130.71970 18.935 0.046
7131.87942 18.940 0.036
7134.70066 18.933 0.048
7135.85535 18.992 0.034
7137.70142 19.062 0.039
7138.80524 18.944 0.039
7140.68941 19.012 0.052
7141.79365 19.037 0.035
7142.93003 18.950 0.056
7144.73753 18.993 0.070
7146.66839 19.002 0.074
7147.68739 19.052 0.119
7152.83607 19.060 0.054
7153.88246 19.060 0.052
7155.66902 19.177 0.053
7156.76191 19.144 0.038
7158.69897 19.030 0.044
7159.74353 19.259 0.064
7160.83325 19.170 0.047
7161.90588 19.183 0.056
7163.61379 19.309 0.098
7164.74531 19.174 0.049
7166.81805 19.208 0.058
7169.79100 19.250 0.051
7170.82781 19.192 0.048
7172.87448 19.244 0.074
7173.90072 19.286 0.088
7174.88766 19.248 0.096
7178.65985 19.476 0.085
7179.85168 19.424 0.110
7180.85170 19.391 0.077
7181.86759 19.369 0.082
7182.88680 19.462 0.081
7183.89238 19.377 0.088
7184.92474 19.297 0.107
7186.60498 19.325 0.069
7187.72313 19.540 0.074
7188.74082 19.367 0.082
7189.82409 19.341 0.071
7190.88682 19.311 0.111
7193.85516 19.391 0.067
7197.60543 19.464 0.061
7198.62975 19.549 0.073
7199.63369 19.425 0.057
7200.63029 19.502 0.057
7202.86754 19.353 0.163
7207.53187 19.481 0.088
7209.67118 19.684 0.103
7211.64999 19.631 0.075
7214.61653 19.659 0.078
7219.54101 19.999 0.140
7220.68489 19.452 0.053
7221.71455 19.528 0.080
7223.50462 19.783 0.170
7224.57547 19.702 0.092
7226.50311 19.551 0.092
7227.51527 19.559 0.103
7228.56142 19.487 0.071
7229.63719 19.531 0.073
7233.48511 19.634 0.148
7236.59456 19.389 0.080
7250.59324 19.723 0.098
7253.63591 19.518 0.064
7256.65545 19.583 0.124
7261.55539 19.484 0.122
7264.50793 19.450 0.081
7267.48217 19.610 0.112
7269.48917 19.382 0.079
7271.49386 20.028 0.201
7274.52257 19.697 0.125
7278.49973 19.433 0.117
7292.49307 19.111 0.113
7294.58955 19.124 0.129
7437.88532 19.129 0.049
7440.83613 19.166 0.063
7444.88866 19.235 0.058
7447.80215 19.192 0.079
7451.82645 19.361 0.058
7452.89780 19.242 0.043
7455.85378 19.321 0.063
7457.88120 19.438 0.073
7460.89022 19.334 0.055
7462.89466 19.271 0.044
7465.85806 19.521 0.075
7470.76194 19.393 0.110
7471.85083 19.264 0.074
7473.75618 19.649 0.133
7480.90917 19.718 0.132
7485.82058 19.588 0.076
7487.73193 19.374 0.077
7488.85679 19.571 0.070
7491.86590 19.430 0.054
7492.87163 19.462 0.059
7493.85891 19.506 0.052
7494.85595 19.427 0.057
7495.81535 19.457 0.073
7498.72136 19.545 0.091
7499.71386 19.464 0.097
7499.91526 19.343 0.072
7500.85638 19.537 0.102
7508.65823 19.476 0.064
7509.77521 19.433 0.071
7511.85022 19.573 0.068
7519.81680 19.440 0.084
7526.65422 19.928 0.134
7528.88983 19.302 0.096
7534.67396 19.417 0.076
7536.66629 19.561 0.083
7545.82776 19.381 0.069
7546.85160 19.145 0.069
7547.80261 19.273 0.056
7549.70584 19.153 0.038
7550.66507 19.489 0.090
7554.61301 19.028 0.054
7555.51611 19.016 0.082
7555.75422 18.945 0.044
7557.69907 18.703 0.050
7560.77401 18.575 0.058
7561.84669 18.632 0.052
7562.50585 18.643 0.047
7566.71443 18.436 0.032
7567.65665 18.383 0.028
7568.48059 18.349 0.043
7568.63135 18.331 0.030
7569.50741 18.318 0.043
7569.65935 18.378 0.026
7570.83700 18.230 0.032
7573.68550 18.344 0.028
7575.48719 18.335 0.041
7575.80844 18.306 0.027
7576.46286 18.350 0.047
7576.81781 18.288 0.036
7577.46385 18.333 0.050
7582.67636 18.301 0.031
7584.73732 18.294 0.034
7589.74878 18.290 0.046
7590.79557 18.196 0.044
7593.73036 18.261 0.023
7599.49213 18.224 0.035
7599.56015 18.248 0.034
7599.62751 18.261 0.030
7599.66442 18.299 0.030
7600.50165 18.241 0.037
7600.59539 18.329 0.034
7600.71945 18.267 0.030
7601.72274 18.281 0.025
7601.75807 18.219 0.027
7603.48958 18.292 0.028
7604.51277 18.243 0.030
7605.53387 18.329 0.025
7607.47661 18.271 0.034
7608.60572 18.309 0.023
7609.71409 18.231 0.026
7611.68361 18.190 0.038
7616.51763 18.282 0.033
7617.66581 18.232 0.037
7619.56071 18.282 0.039
7622.65669 18.354 0.026
7624.55158 18.402 0.028
7626.54690 18.341 0.032
7631.57287 18.410 0.024
7633.64489 18.445 0.039
7636.64343 18.404 0.036
7639.57832 18.423 0.031
7647.53715 18.572 0.044
7650.49446 18.597 0.031
7650.59166 18.453 0.040
7651.50975 18.506 0.036
7652.49647 18.563 0.031
7653.49637 18.572 0.033
7653.56069 18.693 0.034
7654.50099 18.621 0.043
7655.49771 18.673 0.048
7656.48845 18.673 0.050
7656.49912 18.613 0.041
7657.54503 18.705 0.041
7658.50167 18.706 0.043
7659.50222 18.726 0.047
7660.49812 18.633 0.056
7661.49969 18.627 0.054
7662.49979 18.821 0.058
7662.52950 18.700 0.054
7664.48996 18.685 0.052
7664.49849 18.724 0.058
7665.50242 18.872 0.072
7666.50069 18.809 0.065
7667.50579 18.710 0.054
7671.48697 18.904 0.088
7672.48833 19.137 0.087
7673.49490 18.819 0.061
7675.49137 19.087 0.104
7682.49079 18.957 0.094
7683.49000 18.919 0.103
7795.85981 19.316 0.110
7796.85689 19.562 0.122
7797.88215 19.326 0.083
7799.89278 19.616 0.158
7801.88372 19.492 0.097
7803.89729 19.380 0.147
7809.88223 19.284 0.067
7812.85165 19.221 0.056
7815.87959 19.175 0.055
7818.82211 19.056 0.048
7820.85645 19.055 0.051
7822.86506 19.078 0.064
7824.89098 18.800 0.050
7826.88634 18.770 0.047
7828.87387 18.663 0.037
7830.89086 18.648 0.056
7834.86259 18.438 0.032
7836.79799 18.392 0.038
7837.85838 18.355 0.027
7839.74141 18.333 0.024
7840.80929 18.292 0.031
7841.87936 18.219 0.034
7842.92104 18.206 0.036
7844.76078 18.288 0.024
7845.80938 18.186 0.023
7846.86342 18.197 0.021
7847.90143 18.177 0.023
7849.71652 18.121 0.028
7850.74373 18.138 0.029
7851.77677 18.116 0.031
7852.90126 18.055 0.027
7854.83239 18.062 0.027
7855.88322 18.040 0.023
7856.90921 17.999 0.038
7862.77686 17.974 0.023
7863.87374 18.006 0.023
7864.84440 18.053 0.021
7865.84848 18.080 0.019
7866.85905 18.155 0.019
7867.87840 18.067 0.020
7869.70950 18.082 0.021
7870.73636 18.218 0.019
7871.75062 18.171 0.020
7872.76612 18.202 0.019
7873.76123 18.211 0.020
7874.74540 18.084 0.029
7875.83748 18.115 0.021
7876.79320 18.174 0.023
7877.77664 18.224 0.019
7878.80767 18.181 0.019
7879.76935 18.098 0.027
7880.82768 18.043 0.029
7881.91998 18.043 0.036
7882.92665 18.058 0.028
7890.86529 18.102 0.041
7893.83060 18.155 0.027
7894.70957 18.246 0.020
7895.59601 18.213 0.032
7897.76731 18.224 0.024
7902.57471 18.187 0.036
7902.83117 18.281 0.036
7903.90797 18.223 0.038
7904.82624 18.341 0.026
7905.68756 18.441 0.025
7906.58029 18.429 0.034
7906.83671 18.321 0.028
7907.72282 18.377 0.028
7908.67518 18.371 0.029
7909.55851 18.379 0.048
7909.80648 18.377 0.031
7910.59194 18.350 0.037
7910.85553 18.341 0.035
7911.71273 18.405 0.048
7916.67319 18.512 0.032
7916.89549 18.344 0.053
7917.75046 18.499 0.033
7918.62910 18.471 0.055
7922.71015 18.594 0.038
7923.73392 18.525 0.044
7924.55025 18.654 0.037
7924.79990 18.650 0.035
7925.71556 18.593 0.031
7926.62641 18.592 0.034
7932.75133 18.713 0.042
7933.60832 18.759 0.043
7934.54345 18.729 0.040
7934.78915 18.663 0.049
7935.64231 18.702 0.035
7936.52113 18.740 0.042
7936.79336 18.648 0.038
7937.60499 18.809 0.041
7938.53319 18.761 0.056
7944.51125 18.938 0.087
7944.60485 18.762 0.048
7944.72646 18.790 0.044
7945.48360 18.839 0.052
7945.71689 18.846 0.039
7946.56423 18.887 0.046
7946.82119 18.892 0.067
7947.77232 18.924 0.073
7948.65229 18.882 0.048
7949.58883 18.787 0.053
7952.73648 18.997 0.056
7953.64210 18.955 0.046
7954.53457 18.951 0.042
7955.73450 18.885 0.042
7956.66417 18.889 0.038
7957.71986 19.075 0.063
7958.74656 19.055 0.059
7959.64317 18.968 0.038
7960.52867 18.897 0.044
7961.51622 19.050 0.051
7962.49399 18.994 0.041
7964.55407 19.008 0.046
7965.66116 19.158 0.063
7966.62668 19.133 0.064
7967.66856 19.138 0.121
7971.51862 19.098 0.068
7971.61867 19.170 0.073
7971.71105 18.979 0.087
7972.55142 19.136 0.099
7972.65681 19.298 0.103
7973.58696 19.074 0.077
7974.57476 19.206 0.067
7975.65283 19.345 0.110
7980.53872 19.114 0.076
7981.61036 19.290 0.068
7982.64656 19.150 0.059
7984.51731 19.359 0.096
7985.58367 19.113 0.072
7987.48736 19.274 0.050
7990.57114 19.207 0.057
7991.63821 19.245 0.079
7993.50655 19.574 0.095
7994.56601 19.413 0.102
7998.53812 19.264 0.089
7998.64211 19.559 0.180
8000.56627 19.661 0.137
8001.53848 19.354 0.076
8003.49575 19.449 0.138
8007.50968 19.393 0.105
8010.57603 19.680 0.107
8013.53872 19.376 0.071
8015.56589 19.506 0.093
8018.52745 19.315 0.070
8021.51682 19.527 0.111
8026.55665 19.209 0.084
8035.55812 19.762 0.177
8164.86944 18.028 0.024
8166.86079 18.069 0.026
8167.89889 18.066 0.033
8169.86560 18.107 0.025
8170.88916 18.217 0.024
8172.83366 18.194 0.027
8173.85448 18.195 0.025
8174.86687 18.323 0.026
8175.88904 18.235 0.025
8176.89512 18.209 0.025
8181.90275 18.238 0.036
8184.80283 18.296 0.039
8185.84356 18.324 0.038
8189.84773 18.503 0.030
8191.80764 18.437 0.037
8193.78320 18.490 0.032
8194.87974 18.553 0.027
8196.79756 18.618 0.029
8197.85877 18.554 0.029
8199.74544 18.604 0.036
8200.84179 18.582 0.029
8201.90732 18.625 0.033
8203.76148 18.726 0.035
8204.81559 18.707 0.038
8205.88377 18.688 0.037
8207.73174 18.659 0.052
8208.75850 18.731 0.042
8209.78613 18.635 0.041
8210.79914 18.690 0.041
8211.81296 18.726 0.049
8217.87233 18.794 0.034
8220.92332 18.896 0.047
8222.71289 18.973 0.051
8223.84164 18.945 0.046
8224.87471 18.865 0.039
8227.70826 19.067 0.046
8228.77756 19.017 0.040
8229.82141 19.028 0.038
8230.84231 19.112 0.047
8233.75862 19.087 0.046
8238.68498 19.046 0.072
8244.68063 19.126 0.061
8245.75128 19.425 0.093
8246.73483 19.288 0.077
8247.65738 19.380 0.077
8247.91457 19.191 0.094
8249.76570 19.142 0.068
8250.71093 19.236 0.043
8251.63561 19.285 0.074
8251.89547 19.314 0.068
8253.72364 19.223 0.053
8254.75587 19.213 0.043
8255.71481 19.280 0.059
8256.66362 19.321 0.067
8256.92853 19.247 0.076
8257.87009 19.204 0.060
8258.89076 19.193 0.042
8259.86297 19.355 0.065
8261.64868 19.194 0.058
8262.65434 19.316 0.052
8262.91099 19.405 0.075
8263.86333 19.358 0.044
8264.88131 19.251 0.067
8265.79501 19.284 0.061
8271.60525 19.440 0.141
8271.86971 19.556 0.115
8272.86515 19.348 0.078
8273.75186 19.423 0.062
8274.59922 19.344 0.080
8274.85817 19.445 0.097
8275.76539 19.413 0.062
8276.63069 19.467 0.082
8276.88741 19.204 0.076
8277.82636 19.517 0.072
8278.67837 19.283 0.050
8282.73094 19.751 0.091
8283.57415 19.435 0.069
8283.83642 19.484 0.079
8284.67824 19.333 0.065
8285.73891 19.374 0.060
8286.70757 19.368 0.054
8287.57674 19.369 0.056
8287.87301 19.463 0.057
8288.75277 19.536 0.071
8289.59712 19.444 0.056
8289.88397 19.586 0.101
8290.80206 19.371 0.074
8291.73353 19.517 0.071
8292.61262 19.530 0.147
8293.53613 19.726 0.143
8294.57208 19.532 0.232
8299.50560 19.736 0.150
8301.67994 19.367 0.134
8302.70660 19.484 0.122
8304.71067 19.829 0.172
8305.73631 19.552 0.097
8306.74077 19.538 0.101
8307.58390 19.500 0.074
8308.46287 19.495 0.140
8308.71985 19.598 0.087
8309.58989 19.273 0.053
8310.46262 19.381 0.169
8310.66199 19.458 0.058
8311.51092 19.446 0.085
8311.77026 19.448 0.074
8312.65222 19.387 0.060
8313.54472 19.424 0.053
8313.79239 19.288 0.065
8314.69041 19.363 0.059
8316.55831 19.514 0.092
8320.51391 19.358 0.077
8320.77057 19.304 0.054
8328.54504 19.265 0.068
8329.46461 19.412 0.132
8329.70933 19.145 0.055
8331.49607 19.100 0.048
8332.52171 19.143 0.053
8333.51886 19.195 0.054
8334.54592 19.025 0.044
8335.68124 19.068 0.056
8336.73829 18.983 0.043
8339.48350 19.047 0.047
8340.57205 18.894 0.043
8341.63950 18.924 0.035
8343.54855 18.760 0.043
8345.50021 18.590 0.042
8346.55510 18.698 0.033
8347.62183 18.573 0.031
8353.62372 18.347 0.042
8356.51099 18.289 0.034
8357.68276 18.264 0.034
8359.52929 18.314 0.030
8360.61978 18.284 0.044
8364.47616 18.201 0.037
8366.58027 18.122 0.025
8368.58584 18.197 0.020
8370.52872 18.154 0.025
8372.49498 18.093 0.029
8375.52093 18.026 0.030
8376.60833 17.967 0.032
8381.52792 17.993 0.030
8383.54102 17.985 0.025
8385.51594 18.025 0.018
8390.48259 17.878 0.031
8393.57534 17.864 0.028
8401.56301 17.815 0.023
8516.87900 19.277 0.073
8518.88314 19.279 0.128
8522.88404 19.295 0.062
8523.88710 19.110 0.056
8526.88196 19.385 0.095
8528.86584 19.597 0.115
8536.85705 19.348 0.067
8538.88869 19.330 0.077
8540.86430 19.519 0.153
8544.81061 19.340 0.053
8546.85580 19.325 0.054
8547.86181 19.580 0.095
8548.88180 19.323 0.059
8549.87103 19.409 0.069
8550.89458 19.563 0.077
8551.90597 19.394 0.098
8553.83889 19.535 0.097
8554.81618 19.572 0.075
8555.79096 19.557 0.080
8555.88947 19.333 0.055
8556.86475 19.410 0.067
8557.83336 19.568 0.074
8558.79826 19.510 0.067
8558.88848 19.359 0.069
8559.84442 19.471 0.053
8560.80629 19.378 0.058
8560.90586 19.364 0.054
8561.86451 19.435 0.069
8562.82097 19.685 0.150
8563.76562 19.336 0.089
8563.88333 19.423 0.079
8564.83426 19.341 0.067
8565.78765 19.355 0.081
8565.89855 19.452 0.074
8566.86700 19.475 0.074
8574.72074 19.559 0.105
8574.89209 19.629 0.084
8575.79731 19.511 0.084
8575.88613 19.611 0.083
8576.82294 19.603 0.080
8576.91458 19.556 0.121
8577.88359 19.531 0.107
8578.75592 19.457 0.069
8578.87338 19.469 0.076
8579.74638 19.513 0.083
8579.84229 19.608 0.112
8580.73118 19.375 0.081
8580.83774 19.575 0.089
8581.73141 19.502 0.073
8582.70168 19.501 0.071
8582.90777 19.504 0.064
8583.84671 19.386 0.058
8584.80767 19.403 0.053
8585.77849 19.392 0.062
8586.72795 19.448 0.070
8587.70904 19.585 0.100
8588.68844 19.485 0.079
8588.89640 19.264 0.047
8589.81846 19.314 0.069
8590.77128 19.306 0.056
8591.73582 19.419 0.088
8592.80157 19.250 0.087
8593.76077 19.449 0.107
8594.71128 19.379 0.093
8599.69684 19.045 0.072
8599.80590 19.187 0.061
8599.92708 19.233 0.062
8600.83497 19.140 0.047
8601.73804 19.216 0.053
8602.69933 19.214 0.042
8603.66902 19.057 0.050
8603.90417 19.161 0.052
8604.86478 19.052 0.050
8605.76515 18.969 0.048
8606.70330 18.938 0.036
8607.66756 18.951 0.044
8607.88077 18.931 0.047
8608.84468 18.902 0.035
8612.76129 18.709 0.042
8613.65420 18.718 0.055
8613.90026 18.649 0.034
8614.78429 18.591 0.040
8615.71104 18.527 0.039
8616.64433 18.487 0.031
8616.87110 18.551 0.029
8617.75040 18.481 0.028
8618.66657 18.535 0.039
8619.62490 18.360 0.038
8619.84234 18.475 0.042
8620.72147 18.428 0.034
8621.69775 18.432 0.051
8626.62387 18.227 0.042
8626.72210 18.267 0.034
8626.82638 18.253 0.029
8626.92494 18.186 0.031
8627.70251 18.287 0.023
8635.67476 17.982 0.018
8636.56358 17.930 0.020
8636.76217 17.938 0.018
8637.59348 17.961 0.018
8637.81852 17.941 0.017
8638.68922 17.908 0.015
8639.67328 17.950 0.016
8640.59418 17.783 0.019
8640.84411 17.786 0.019
8641.70970 17.762 0.016
8642.89376 17.726 0.023
8643.74575 17.816 0.015
8644.57651 17.746 0.021
8644.83827 17.728 0.018
8645.63414 17.688 0.018
8646.66324 17.660 0.019
8647.59693 17.648 0.021
8647.81312 17.588 0.024
8648.73027 17.610 0.025
8655.63710 17.494 0.013
8656.65208 17.655 0.017
8657.55060 17.769 0.016
8657.80052 17.717 0.015
8660.59518 17.685 0.016
8661.59625 17.694 0.017
8664.57102 17.800 0.015
8666.51490 17.689 0.021
8667.54013 17.676 0.026
8668.46589 17.634 0.027
8668.82771 17.675 0.016
8669.80527 17.709 0.017
8670.77184 17.833 0.015
8674.57408 17.739 0.018
8675.63478 17.801 0.019
8676.75243 17.821 0.020
8681.50727 17.856 0.032
8682.53316 17.936 0.024
8683.75993 17.829 0.031
8684.74376 17.952 0.020
8688.62551 17.914 0.024
8689.78243 17.936 0.029
8690.50298 17.962 0.027
8691.53134 18.157 0.017
8692.54063 17.969 0.021
8693.53864 17.979 0.025
8694.75107 18.096 0.019
8697.75277 18.073 0.031
8699.69283 18.166 0.019
8701.66418 18.167 0.023
8708.60558 18.261 0.024
8712.63933 18.279 0.037
8716.51519 18.464 0.023
8718.65870 18.459 0.030
8723.60712 18.451 0.030
8725.60816 18.486 0.032
8727.63143 18.462 0.041
8729.64993 18.621 0.040
8731.61090 18.542 0.043
8738.60541 18.630 0.062
8741.61734 18.584 0.051
8747.55863 18.693 0.048
8757.59314 18.793 0.058
