5265.81563 14.946 0.005
5266.79920 14.929 0.005
5267.79001 14.908 0.005
5268.82945 14.891 0.005
5269.77563 14.869 0.005
5270.76471 14.842 0.005
5271.84708 14.814 0.005
5272.76098 14.794 0.005
5273.81998 14.762 0.005
5274.78574 14.730 0.005
5275.83261 14.691 0.005
5276.76735 14.667 0.005
5276.89484 14.661 0.005
5277.80374 14.630 0.005
5278.77534 14.597 0.005
5279.78301 14.570 0.005
5280.86642 14.535 0.005
5281.76953 14.504 0.005
5281.90431 14.503 0.005
5282.78197 14.478 0.005
5283.73270 14.453 0.005
5284.88518 14.423 0.005
5285.73409 14.408 0.005
5286.73850 14.378 0.005
5287.74764 14.362 0.005
5288.72417 14.326 0.005
5292.79180 14.271 0.005
5293.80259 14.263 0.005
5295.85606 14.247 0.005
5298.77947 14.237 0.005
5300.87359 14.240 0.005
5304.78238 14.235 0.005
5307.80522 14.259 0.005
5309.86028 14.265 0.005
5312.72249 14.283 0.005
5314.69048 14.296 0.005
5315.83125 14.312 0.005
5321.67724 14.347 0.005
5324.74991 14.383 0.005
5325.86650 14.396 0.005
5327.70613 14.407 0.005
5328.86273 14.430 0.005
5335.76684 14.514 0.005
5337.86770 14.546 0.005
5339.91429 14.570 0.005
5341.75060 14.612 0.005
5342.81096 14.617 0.005
5343.83929 14.626 0.005
5349.62357 14.682 0.005
5352.65940 14.729 0.005
5354.82204 14.743 0.005
5358.76695 14.776 0.005
5364.63267 14.819 0.005
5376.67760 14.906 0.005
5377.56873 14.909 0.005
5379.63582 14.926 0.005
5381.73128 14.928 0.005
5385.52922 14.910 0.005
5385.62870 14.906 0.005
5385.73104 14.904 0.005
5386.81424 14.909 0.005
5390.59111 14.891 0.005
5393.73471 14.878 0.005
5402.65990 14.915 0.006
5403.75799 14.923 0.005
5407.69631 14.971 0.005
5411.51891 15.015 0.005
5418.55428 15.083 0.005
5430.50645 14.974 0.005
5435.70058 14.852 0.005
5444.62500 14.611 0.005
5450.53555 14.460 0.005
5458.56638 14.313 0.005
5468.58471 14.259 0.005
5476.55784 14.336 0.005
5483.52476 14.414 0.005
5486.51844 14.496 0.005
5602.85090 14.122 0.005
5604.85882 14.097 0.005
5605.85496 14.095 0.005
5606.85412 14.092 0.005
5607.85811 14.076 0.005
5608.84668 14.080 0.005
5611.84473 14.088 0.005
5612.85399 14.080 0.005
5613.88506 14.104 0.005
5615.84552 14.110 0.005
5616.83965 14.126 0.005
5621.83067 14.211 0.005
5622.78622 14.229 0.005
5624.77501 14.262 0.005
5626.83386 14.309 0.005
5628.77455 14.341 0.005
5629.77047 14.357 0.005
5631.83534 14.405 0.005
5632.86449 14.418 0.005
5633.76363 14.428 0.005
5635.79510 14.463 0.005
5637.77356 14.482 0.005
5638.90500 14.491 0.005
5639.78815 14.497 0.005
5641.88034 14.507 0.005
5643.87323 14.513 0.005
5647.75985 14.514 0.005
5648.88630 14.529 0.005
5650.82545 14.537 0.005
5652.81217 14.555 0.005
5654.90300 14.582 0.005
5656.87815 14.612 0.005
5658.87332 14.639 0.005
5659.92393 14.648 0.005
5662.84613 14.680 0.005
5664.92171 14.699 0.005
5667.92793 14.746 0.005
5670.80611 14.794 0.005
5676.70274 14.915 0.005
5677.92440 14.928 0.005
5680.82876 14.981 0.005
5682.70670 15.008 0.005
5684.68377 15.020 0.005
5686.67396 15.022 0.005
5688.83377 15.032 0.005
5690.89106 15.021 0.005
5692.78380 15.004 0.005
5693.88423 14.990 0.005
5695.65008 14.966 0.005
5696.77285 14.954 0.005
5697.85955 14.935 0.005
5698.94273 14.926 0.008
5702.58690 14.875 0.005
5702.76646 14.897 0.006
5706.75873 14.864 0.005
5707.90032 14.858 0.005
5709.67423 14.857 0.005
5713.83562 14.857 0.005
5715.89294 14.860 0.005
5721.78273 14.926 0.005
5723.61167 14.939 0.005
5724.74089 14.941 0.005
5726.65433 14.952 0.005
5735.84054 14.884 0.005
5737.52640 14.846 0.005
5738.63472 14.820 0.005
5739.79523 14.790 0.005
5741.50000 14.737 0.005
5742.51039 14.707 0.005
5743.64413 14.655 0.005
5744.66430 14.611 0.005
5745.74152 14.558 0.005
5747.63360 14.475 0.005
5749.67012 14.380 0.005
5759.81159 14.117 0.005
5760.50746 14.112 0.005
5762.72327 14.121 0.005
5764.52767 14.119 0.005
5765.67995 14.126 0.005
5767.50268 14.137 0.005
5768.63807 14.149 0.005
5769.77440 14.149 0.005
5777.51084 14.214 0.005
5779.70081 14.245 0.005
5784.48689 14.317 0.005
5784.61808 14.325 0.005
5786.52564 14.355 0.005
5788.47650 14.397 0.005
5790.64370 14.434 0.005
5794.49649 14.517 0.005
5796.58773 14.542 0.005
5802.58159 14.613 0.005
5805.61436 14.636 0.005
5812.64902 14.659 0.005
5816.50556 14.705 0.005
5818.58606 14.713 0.005
5823.56535 14.765 0.005
5824.57238 14.767 0.005
5825.57644 14.779 0.005
5826.56140 14.794 0.005
5828.53761 14.815 0.005
5830.51072 14.849 0.005
5832.52943 14.876 0.005
5834.55162 14.907 0.005
5839.53138 14.984 0.005
5841.53113 14.998 0.005
5843.53109 15.023 0.005
5845.54405 15.039 0.005
5851.49638 15.041 0.005
5854.54283 15.022 0.005
5860.50139 14.947 0.005
5959.87724 14.633 0.005
5962.86991 14.696 0.005
5963.88911 14.725 0.005
5964.88456 14.745 0.005
5965.89181 14.765 0.005
5968.88980 14.809 0.005
5969.87942 14.830 0.005
5979.83650 14.881 0.005
5984.81519 14.881 0.005
5987.80543 14.868 0.005
5989.90267 14.877 0.005
5992.84734 14.873 0.005
5995.76840 14.857 0.005
5997.79008 14.858 0.005
5999.79557 14.855 0.005
6002.76982 14.854 0.005
6002.89114 14.851 0.005
6004.84096 14.855 0.005
6006.83250 14.854 0.005
6008.76718 14.860 0.005
6009.88978 14.865 0.005
6011.80207 14.862 0.005
6013.75955 14.873 0.005
6014.87315 14.869 0.005
6016.77243 14.877 0.005
6017.88255 14.886 0.005
6019.77831 14.865 0.005
6020.85338 14.861 0.005
6021.91817 14.881 0.005
6023.76138 14.870 0.005
6024.74462 14.866 0.005
6025.81092 14.846 0.005
6032.77552 14.862 0.005
6034.74207 14.864 0.005
6037.73035 14.863 0.005
6039.77842 14.863 0.005
6041.82544 14.864 0.005
6048.71563 14.874 0.005
6049.91797 14.865 0.005
6052.70967 14.867 0.005
6053.85353 14.842 0.005
6057.69575 14.807 0.005
6057.85510 14.802 0.005
6058.85093 14.778 0.005
6059.85016 14.762 0.005
6062.69881 14.689 0.005
6064.66770 14.633 0.005
6065.81743 14.592 0.005
6066.60340 14.568 0.005
6066.61784 14.564 0.005
6066.74378 14.565 0.005
6067.63810 14.525 0.005
6068.74619 14.498 0.005
6069.91008 14.453 0.005
6071.60488 14.382 0.005
6075.66397 14.243 0.005
6076.80177 14.200 0.005
6078.65103 14.149 0.005
6079.71988 14.142 0.005
6080.76598 14.119 0.005
6081.81298 14.099 0.005
6085.57702 14.036 0.005
6086.57310 14.023 0.005
6087.73366 14.013 0.005
6089.80779 13.998 0.005
6093.67135 13.976 0.005
6094.81832 13.990 0.005
6097.68122 14.002 0.005
6098.76508 14.014 0.005
6100.71256 14.043 0.005
6101.74370 14.073 0.005
6102.78227 14.090 0.005
6103.83432 14.094 0.005
6105.47896 14.126 0.005
6108.57195 14.181 0.005
6113.55107 14.274 0.005
6114.63996 14.294 0.005
6115.68809 14.312 0.005
6116.80144 14.327 0.005
6118.49624 14.365 0.005
6119.52368 14.382 0.005
6120.65510 14.409 0.005
6121.69823 14.433 0.005
6124.48836 14.458 0.005
6125.59279 14.479 0.005
6126.73830 14.486 0.005
6131.50701 14.516 0.005
6133.58600 14.530 0.005
6135.56622 14.546 0.005
6140.58608 14.574 0.005
6141.71196 14.595 0.005
6147.59446 14.676 0.005
6148.56200 14.700 0.005
6151.58347 14.767 0.005
6154.48824 14.828 0.005
6158.57708 14.907 0.005
6160.59338 14.951 0.005
6164.66167 15.008 0.005
6167.57770 15.046 0.005
6168.60737 15.067 0.005
6169.58371 15.062 0.005
6171.58656 15.087 0.005
6172.57313 15.079 0.005
6175.56088 15.080 0.005
6180.61718 15.062 0.005
6183.59632 15.048 0.005
6185.56965 15.043 0.005
6186.56631 15.041 0.005
6195.52335 15.052 0.005
6197.48779 15.052 0.005
6201.51810 15.037 0.006
6205.49456 15.044 0.005
6209.55664 14.986 0.005
6212.52261 14.960 0.005
6216.53175 14.857 0.005
6221.54438 14.653 0.005
6226.52062 14.436 0.005
6343.84848 15.297 0.005
6348.85345 15.263 0.005
6352.83970 15.261 0.005
6358.87865 15.220 0.005
6360.83949 15.180 0.005
6362.88672 15.127 0.005
6368.86550 14.940 0.005
6370.87914 14.863 0.005
6373.84576 14.750 0.005
6375.78689 14.686 0.005
6376.91866 14.651 0.005
6378.87218 14.614 0.005
6380.80818 14.540 0.005
6380.83180 14.529 0.005
6382.77177 14.468 0.005
6386.89766 14.354 0.005
6388.80028 14.315 0.005
6389.89965 14.305 0.005
6391.79826 14.279 0.005
6394.83747 14.272 0.005
6396.82312 14.304 0.005
6398.77165 14.292 0.005
6400.74888 14.299 0.005
6402.72234 14.306 0.005
6403.90703 14.334 0.005
6406.84361 14.362 0.005
6408.79936 14.375 0.005
6416.66069 14.459 0.005
6417.85718 14.470 0.005
6419.70183 14.491 0.005
6420.81438 14.505 0.005
6423.65028 14.488 0.005
6424.81016 14.501 0.005
6428.66205 14.509 0.005
6431.79101 14.534 0.005
6432.89369 14.531 0.005
6434.71488 14.559 0.005
6435.85102 14.570 0.005
6436.92146 14.574 0.005
6441.90506 14.606 0.005
6443.67900 14.626 0.005
6445.75028 14.634 0.005
6446.66299 14.642 0.005
6447.73803 14.638 0.005
6448.77031 14.631 0.005
6449.81308 14.625 0.005
6450.86353 14.623 0.005
6452.53405 14.632 0.005
6454.63971 14.637 0.005
6455.80838 14.650 0.005
6457.76544 14.666 0.005
6458.82989 14.674 0.005
6459.87452 14.675 0.005
6461.79253 14.697 0.005
6463.63597 14.713 0.005
6464.74372 14.726 0.005
6469.53174 14.754 0.005
6472.67460 14.785 0.005
6473.80767 14.779 0.005
6475.50367 14.788 0.005
6476.57111 14.789 0.005
6477.65793 14.796 0.005
6479.67802 14.815 0.005
6481.48878 14.833 0.005
6484.48481 14.880 0.005
6486.50404 14.909 0.005
6487.59103 14.947 0.005
6491.52963 15.037 0.005
6497.68979 15.142 0.005
6499.47258 15.159 0.005
6501.69624 15.193 0.005
6505.75155 15.224 0.005
6508.62063 15.238 0.005
6510.51809 15.230 0.005
6512.72553 15.265 0.005
6516.50025 15.256 0.005
6519.60243 15.228 0.005
6524.54094 15.178 0.005
6528.58124 15.087 0.005
6532.59741 14.972 0.005
6536.51266 14.856 0.005
6541.59403 14.737 0.005
6545.63616 14.643 0.005
6556.62031 14.462 0.005
6561.53323 14.411 0.005
6564.53006 14.375 0.005
6568.52526 14.349 0.005
6570.57809 14.375 0.005
6573.53473 14.342 0.005
6578.49721 14.373 0.005
6697.85028 14.896 0.005
6741.83248 14.271 0.005
6741.92108 14.287 0.005
6744.85651 14.322 0.005
6746.76583 14.336 0.005
6749.89968 14.388 0.005
6752.78432 14.430 0.005
6755.84443 14.483 0.005
6757.83412 14.519 0.005
6759.85928 14.566 0.005
6761.79153 14.577 0.005
6763.77519 14.597 0.005
6768.90228 14.649 0.005
6770.74551 14.652 0.005
6771.91782 14.661 0.005
6773.80751 14.661 0.005
6775.73119 14.679 0.005
6776.91998 14.673 0.005
6784.86248 14.703 0.005
6785.84727 14.697 0.005
6786.88005 14.713 0.005
6789.77022 14.728 0.005
6790.85551 14.731 0.005
6791.91182 14.732 0.005
6796.62419 14.747 0.005
6797.72188 14.755 0.005
6799.86219 14.764 0.005
6804.56983 14.800 0.005
6805.62393 14.802 0.005
6806.91319 14.810 0.005
6808.63177 14.843 0.005
6809.66846 14.856 0.005
6810.71099 14.867 0.005
6811.73503 14.878 0.005
6813.85777 14.905 0.005
6815.58558 14.909 0.005
6816.65063 14.916 0.005
6817.75344 14.930 0.005
6819.62097 14.929 0.005
6823.83308 14.929 0.005
6824.87472 14.918 0.006
6825.89221 14.925 0.005
6827.54780 14.921 0.005
6828.59475 14.934 0.005
6829.59304 14.924 0.005
6830.61535 14.944 0.005
6831.76257 14.950 0.005
6832.79514 14.953 0.005
6833.85384 14.975 0.005
6835.52023 14.977 0.005
6836.55245 14.993 0.005
6837.56967 15.018 0.005
6838.56751 15.016 0.005
6839.58061 15.043 0.005
6840.63512 15.058 0.005
6841.75028 15.044 0.005
6842.79394 15.096 0.006
6844.82555 15.113 0.006
6845.80889 15.123 0.005
6847.75560 15.109 0.005
6851.75809 15.043 0.005
6855.48817 14.917 0.005
6856.51904 14.876 0.005
6857.56160 14.837 0.005
6858.64363 14.798 0.005
6862.58804 14.663 0.005
6863.67933 14.620 0.005
6864.75815 14.593 0.005
6871.73426 14.383 0.005
6874.72979 14.312 0.005
6878.56602 14.264 0.005
6880.66087 14.263 0.005
6882.59781 14.249 0.005
6885.53316 14.235 0.005
6886.68683 14.227 0.005
6888.61081 14.209 0.005
6890.54672 14.208 0.005
6895.48392 14.219 0.005
6898.51684 14.247 0.005
6907.64763 14.451 0.005
6912.60138 14.582 0.005
6918.50708 14.697 0.005
6922.58847 14.724 0.005
6925.60204 14.735 0.005
6928.60566 14.731 0.005
6932.54745 14.733 0.005
6938.50712 14.670 0.005
6942.55461 14.654 0.005
7063.87096 14.436 0.005
7069.86227 14.604 0.005
7071.88657 14.652 0.005
7075.88773 14.697 0.005
7077.87284 14.701 0.005
7079.81694 14.693 0.005
7082.80610 14.712 0.005
7083.87324 14.732 0.005
7086.83308 14.754 0.005
7088.87533 14.772 0.005
7090.89792 14.789 0.005
7092.90584 14.797 0.005
7098.82845 14.787 0.005
7100.83206 14.781 0.005
7102.89983 14.754 0.005
7110.83392 14.720 0.005
7112.78921 14.708 0.005
7114.91530 14.718 0.005
7116.91334 14.706 0.005
7118.91465 14.718 0.005
7120.88142 14.724 0.005
7126.83237 14.751 0.005
7130.74891 14.746 0.005
7131.90776 14.755 0.005
7134.72810 14.764 0.005
7135.88659 14.768 0.005
7137.73091 14.785 0.005
7138.85763 14.795 0.005
7140.71454 14.789 0.005
7141.84195 14.807 0.005
7143.66775 14.821 0.005
7144.77340 14.811 0.005
7146.69337 14.842 0.005
7147.71267 14.836 0.005
7152.86615 14.905 0.005
7153.91323 14.925 0.005
7155.69982 14.965 0.005
7156.80412 15.001 0.005
7158.72782 15.039 0.005
7159.78453 15.056 0.005
7160.86222 15.082 0.005
7161.93547 15.094 0.005
7163.64360 15.137 0.005
7164.77765 15.150 0.005
7166.84752 15.187 0.005
7169.82016 15.239 0.005
7170.85667 15.236 0.005
7172.90388 15.244 0.005
7173.92967 15.241 0.005
7174.91684 15.223 0.006
7178.66286 15.177 0.005
7179.88085 15.153 0.005
7180.88187 15.125 0.005
7181.89770 15.095 0.005
7182.91622 15.057 0.005
7183.92100 15.003 0.005
7185.57145 14.949 0.005
7186.63384 14.884 0.005
7187.75340 14.831 0.005
7188.77050 14.749 0.005
7189.85310 14.698 0.005
7191.59601 14.572 0.005
7194.53959 14.422 0.005
7197.63547 14.317 0.005
7198.66865 14.285 0.005
7199.66356 14.261 0.005
7200.66004 14.265 0.005
7206.53229 14.204 0.005
7207.56068 14.190 0.005
7209.70036 14.197 0.005
7211.68021 14.205 0.005
7214.65283 14.242 0.005
7219.58020 14.352 0.005
7220.71462 14.382 0.005
7221.74401 14.407 0.005
7223.53559 14.454 0.005
7224.60242 14.482 0.005
7226.53247 14.535 0.005
7227.54432 14.553 0.005
7228.60119 14.580 0.005
7229.66668 14.606 0.005
7233.48822 14.681 0.005
7236.61484 14.714 0.005
7250.64216 14.818 0.005
7253.67001 14.828 0.005
7257.55653 14.870 0.005
7261.58257 14.912 0.005
7264.53904 14.914 0.005
7267.52395 14.918 0.005
7269.52037 14.920 0.005
7271.53686 14.912 0.005
7275.56715 14.918 0.005
7278.52886 14.907 0.005
7291.55088 14.876 0.006
7294.58815 14.909 0.006
7437.89772 15.063 0.005
7440.86940 15.082 0.005
7444.90143 15.102 0.005
7447.82606 15.099 0.005
7451.83242 15.112 0.005
7452.91223 15.112 0.005
7455.86821 15.118 0.005
7457.89573 15.132 0.005
7460.90496 15.149 0.005
7462.91051 15.162 0.005
7465.87265 15.208 0.005
7470.77899 15.297 0.006
7471.87621 15.295 0.006
7475.76714 15.379 0.007
7480.92190 15.394 0.007
7485.84053 15.426 0.005
7487.74583 15.419 0.006
7488.87175 15.379 0.005
7491.88072 15.312 0.005
7492.88510 15.289 0.005
7493.87260 15.259 0.005
7494.85888 15.235 0.005
7495.83705 15.202 0.005
7498.73393 15.113 0.005
7499.72656 15.078 0.005
7499.92771 15.056 0.005
7500.86976 15.021 0.005
7508.67230 14.665 0.005
7509.78962 14.601 0.005
7511.86450 14.497 0.005
7522.77770 14.140 0.005
7526.66868 14.086 0.005
7528.90413 14.076 0.005
7534.68787 14.087 0.005
7536.68037 14.086 0.005
7545.84167 14.157 0.005
7546.86565 14.167 0.005
7547.53043 14.173 0.005
7547.81673 14.186 0.005
7549.72087 14.230 0.005
7550.67911 14.237 0.005
7554.62914 14.304 0.005
7555.76842 14.331 0.005
7557.71402 14.362 0.005
7560.77707 14.403 0.005
7561.86333 14.420 0.005
7562.50890 14.425 0.005
7566.72997 14.494 0.005
7567.67225 14.507 0.005
7568.48213 14.502 0.005
7568.64556 14.518 0.005
7569.51047 14.535 0.005
7569.68606 14.534 0.005
7573.60744 14.574 0.005
7575.53852 14.580 0.005
7575.71717 14.587 0.005
7576.48285 14.598 0.005
7576.67549 14.602 0.005
7576.81636 14.592 0.005
7579.64824 14.636 0.005
7581.79391 14.664 0.005
7584.50370 14.680 0.005
7584.64653 14.684 0.005
7584.79879 14.686 0.005
7589.60068 14.760 0.005
7589.75990 14.752 0.005
7590.55045 14.786 0.005
7590.69825 14.783 0.005
7593.47523 14.823 0.005
7593.64081 14.822 0.005
7593.77954 14.832 0.005
7596.55838 14.873 0.005
7599.49725 14.892 0.005
7599.56476 14.897 0.005
7599.63905 14.903 0.005
7599.67362 14.900 0.005
7600.49663 14.903 0.005
7600.50626 14.902 0.005
7600.60001 14.914 0.005
7600.72677 14.922 0.005
7601.68984 14.940 0.005
7601.72737 14.940 0.005
7602.54590 14.940 0.005
7602.70505 14.943 0.005
7603.51461 14.963 0.005
7604.53781 14.986 0.005
7605.56929 14.991 0.005
7607.50696 15.019 0.005
7608.63899 15.030 0.005
7610.47777 15.048 0.005
7612.50067 15.077 0.005
7616.55121 15.142 0.005
7617.69517 15.124 0.006
7621.49299 15.181 0.005
7622.68672 15.187 0.005
7624.59100 15.204 0.005
7626.59728 15.200 0.005
7631.60280 15.232 0.005
7634.51618 15.209 0.006
7637.50991 15.222 0.005
7639.60865 15.187 0.005
7647.56766 15.043 0.005
7650.49607 14.946 0.005
7650.60641 14.936 0.005
7651.51134 14.906 0.005
7652.49855 14.870 0.005
7653.49797 14.823 0.005
7653.57536 14.827 0.005
7654.50260 14.782 0.005
7655.49932 14.749 0.005
7656.50073 14.701 0.005
7656.53446 14.702 0.005
7657.54664 14.667 0.005
7658.50327 14.617 0.005
7659.50383 14.577 0.005
7660.49973 14.553 0.005
7661.50131 14.491 0.005
7662.50139 14.469 0.005
7662.54418 14.466 0.005
7664.50010 14.395 0.005
7664.52941 14.403 0.005
7665.50402 14.370 0.005
7666.50230 14.326 0.005
7667.50739 14.308 0.005
7671.48855 14.178 0.005
7672.48993 14.151 0.005
7673.49649 14.142 0.005
7675.49295 14.110 0.005
7682.49237 14.008 0.005
7683.49158 14.005 0.005
7791.87874 15.398 0.006
7792.88154 15.385 0.006
7793.87301 15.375 0.006
7794.87999 15.366 0.006
7795.86121 15.354 0.007
7797.87040 15.331 0.006
7799.89115 15.300 0.006
7801.87014 15.274 0.006
7803.88196 15.258 0.006
7809.86675 15.114 0.005
7812.83515 15.030 0.005
7815.86459 14.915 0.005
7818.80692 14.804 0.005
7820.84074 14.700 0.005
7822.85008 14.608 0.005
7824.87614 14.515 0.005
7826.87127 14.433 0.005
7828.85872 14.373 0.005
7830.87554 14.312 0.005
7834.83061 14.222 0.005
7836.75462 14.202 0.005
7837.82700 14.189 0.005
7838.89971 14.194 0.005
7840.77242 14.185 0.005
7841.84596 14.197 0.005
7842.88790 14.211 0.005
7844.72984 14.239 0.005
7845.76925 14.263 0.005
7846.83210 14.280 0.005
7847.86849 14.299 0.005
7848.89953 14.331 0.005
7850.71300 14.373 0.005
7851.74586 14.387 0.005
7852.86764 14.409 0.005
7854.80133 14.444 0.005
7855.83920 14.454 0.005
7856.86749 14.461 0.005
7862.74531 14.511 0.005
7863.83049 14.514 0.005
7864.80933 14.522 0.005
7865.80385 14.519 0.005
7866.82449 14.539 0.005
7867.84444 14.539 0.005
7869.66904 14.535 0.005
7870.69899 14.553 0.005
7871.71947 14.571 0.005
7872.73528 14.572 0.005
7873.73017 14.582 0.005
7874.70555 14.581 0.005
7875.80129 14.612 0.005
7876.75058 14.600 0.005
7877.73615 14.616 0.005
7878.77453 14.620 0.005
7879.73855 14.631 0.005
7880.78325 14.631 0.005
7881.88053 14.625 0.005
7882.88693 14.628 0.005
7890.83339 14.625 0.005
7893.79903 14.638 0.005
7894.66964 14.634 0.005
7894.92156 14.647 0.005
7897.72712 14.665 0.005
7901.83399 14.712 0.005
7902.80027 14.728 0.005
7903.87740 14.744 0.005
7904.79365 14.757 0.005
7905.64755 14.776 0.005
7905.91942 14.777 0.005
7906.80547 14.792 0.005
7907.69282 14.818 0.005
7908.64412 14.845 0.005
7908.89836 14.849 0.005
7909.77500 14.856 0.005
7910.55285 14.884 0.005
7910.81682 14.889 0.005
7911.68351 14.920 0.005
7916.64713 15.036 0.005
7916.86436 15.035 0.006
7917.71674 15.053 0.005
7918.59043 15.080 0.005
7922.66820 15.150 0.005
7923.70133 15.159 0.006
7924.51949 15.190 0.005
7924.76934 15.165 0.005
7925.66659 15.201 0.005
7926.59007 15.238 0.005
7928.66880 15.257 0.006
7932.70693 15.271 0.006
7933.56755 15.277 0.006
7934.51292 15.327 0.006
7934.75863 15.313 0.006
7935.60113 15.297 0.005
7936.48405 15.320 0.006
7936.76071 15.321 0.006
7937.57343 15.320 0.006
7937.83032 15.310 0.006
7944.49830 15.369 0.006
7944.59200 15.370 0.006
7944.71395 15.354 0.006
7945.46369 15.372 0.007
7945.68496 15.365 0.005
7946.53239 15.383 0.006
7946.79017 15.386 0.006
7947.74034 15.389 0.006
7948.61658 15.403 0.006
7949.55980 15.381 0.006
7952.70163 15.387 0.006
7953.60353 15.428 0.006
7953.61888 15.415 0.006
7954.50091 15.427 0.005
7954.79932 15.411 0.006
7956.61786 15.414 0.006
7957.68789 15.425 0.006
7958.71251 15.398 0.006
7959.60934 15.405 0.006
7960.49662 15.407 0.006
7960.77405 15.395 0.006
7961.76998 15.391 0.006
7964.53208 15.348 0.006
7965.63573 15.324 0.006
7966.59425 15.313 0.006
7967.63829 15.274 0.006
7971.50573 15.157 0.006
7971.60598 15.140 0.006
7971.69820 15.151 0.006
7972.63641 15.110 0.006
7973.55206 15.065 0.006
7974.54055 15.019 0.005
7975.62104 14.955 0.005
7980.48741 14.669 0.005
7981.57867 14.626 0.005
7982.61590 14.567 0.005
7984.48282 14.481 0.005
7985.55280 14.447 0.005
7986.65719 14.406 0.005
7990.53023 14.324 0.005
7991.60737 14.308 0.005
7993.47354 14.304 0.005
7994.53552 14.297 0.005
7998.52581 14.296 0.005
7998.62915 14.294 0.005
8000.55353 14.287 0.005
8001.50691 14.289 0.005
8002.63910 14.279 0.005
8005.50781 14.298 0.005
8010.53622 14.345 0.005
8013.49808 14.385 0.005
8015.52317 14.418 0.005
8018.48360 14.440 0.005
8021.47996 14.470 0.005
8026.54266 14.498 0.005
8032.54300 14.521 0.005
8035.52705 14.518 0.005
8164.85687 14.248 0.005
8166.84655 14.285 0.005
8167.88639 14.323 0.005
8169.85308 14.389 0.005
8170.87655 14.419 0.005
8171.89822 14.455 0.005
8173.84182 14.500 0.005
8174.85425 14.532 0.005
8175.87639 14.560 0.005
8176.88249 14.599 0.005
8181.89015 14.725 0.005
8183.88073 14.766 0.005
8185.83070 14.786 0.005
8189.81626 14.824 0.005
8190.90800 14.837 0.005
8192.88504 14.841 0.005
8194.83972 14.841 0.005
8196.76688 14.846 0.005
8197.82772 14.828 0.005
8198.90025 14.823 0.005
8200.81035 14.826 0.005
8201.87652 14.814 0.005
8202.92081 14.816 0.005
8204.78516 14.806 0.005
8205.84418 14.793 0.005
8206.89762 14.819 0.005
8208.72778 14.813 0.005
8209.75523 14.806 0.005
8210.76824 14.828 0.005
8211.78223 14.821 0.005
8212.77763 14.826 0.005
8217.83648 14.840 0.005
8220.89181 14.857 0.005
8221.92456 14.871 0.005
8223.78953 14.872 0.005
8224.84115 14.877 0.005
8226.91500 14.870 0.005
8228.74390 14.904 0.005
8229.78794 14.920 0.005
8230.78899 14.927 0.005
8233.72287 14.973 0.005
8236.80223 15.022 0.005
8244.64936 15.170 0.006
8245.70751 15.160 0.006
8246.70366 15.191 0.006
8247.62837 15.201 0.006
8247.88168 15.200 0.006
8249.73435 15.253 0.005
8250.68009 15.260 0.005
8250.93611 15.252 0.006
8251.86472 15.255 0.005
8253.69245 15.305 0.005
8254.71392 15.305 0.005
8255.68393 15.297 0.005
8256.63082 15.311 0.006
8256.89777 15.316 0.006
8257.83680 15.323 0.005
8258.84453 15.314 0.005
8259.82906 15.336 0.005
8260.92665 15.354 0.006
8261.91363 15.337 0.006
8262.62015 15.345 0.006
8262.88893 15.349 0.005
8263.82821 15.329 0.005
8264.84653 15.329 0.005
8265.75758 15.329 0.005
8266.78902 15.321 0.006
8271.83884 15.246 0.006
8272.83235 15.225 0.005
8273.71122 15.196 0.005
8274.56383 15.180 0.006
8274.82348 15.157 0.006
8275.73205 15.137 0.005
8276.59999 15.110 0.005
8276.85532 15.092 0.005
8277.79384 15.060 0.005
8278.62357 15.038 0.005
8282.68454 14.865 0.005
8283.54322 14.831 0.005
8283.80321 14.806 0.005
8284.63798 14.760 0.005
8284.90036 14.747 0.005
8286.66370 14.684 0.005
8287.54515 14.653 0.005
8287.84179 14.620 0.005
8288.70673 14.591 0.005
8289.56550 14.574 0.005
8289.85345 14.550 0.005
8290.77080 14.519 0.005
8291.68900 14.498 0.005
8292.58080 14.481 0.005
8292.87803 14.472 0.005
8293.78423 14.450 0.005
8294.67063 14.442 0.005
8294.83505 14.435 0.005
8301.64526 14.363 0.005
8302.61260 14.351 0.005
8304.67886 14.324 0.005
8305.69559 14.324 0.005
8306.70774 14.303 0.005
8307.54219 14.307 0.005
8307.81240 14.299 0.005
8308.68863 14.302 0.005
8309.54915 14.291 0.005
8309.80826 14.282 0.005
8310.63316 14.298 0.005
8311.47959 14.295 0.005
8311.73944 14.301 0.005
8312.61003 14.311 0.005
8313.51207 14.313 0.005
8313.76143 14.317 0.005
8314.64932 14.328 0.005
8316.52667 14.344 0.005
8320.48261 14.404 0.005
8320.73964 14.408 0.005
8328.51398 14.509 0.005
8328.75262 14.507 0.005
8329.67875 14.525 0.005
8331.46523 14.549 0.005
8332.48176 14.575 0.005
8333.48709 14.589 0.005
8334.50516 14.634 0.005
8335.59155 14.642 0.005
8336.65875 14.661 0.005
8338.73495 14.689 0.005
8340.50522 14.725 0.005
8341.59610 14.736 0.005
8343.50498 14.757 0.005
8344.72615 14.773 0.005
8346.51299 14.791 0.005
8347.58088 14.797 0.005
8353.59134 14.873 0.006
8356.47219 14.899 0.005
8357.65117 14.905 0.005
8359.49375 14.909 0.005
8360.58810 14.906 0.005
8363.64583 14.910 0.005
8366.52633 14.899 0.005
8368.51809 14.889 0.005
8370.48434 14.883 0.005
8371.64847 14.883 0.005
8375.47808 14.874 0.005
8376.57559 14.877 0.005
8381.50150 14.872 0.005
8383.52581 14.883 0.005
8385.47923 14.893 0.005
8387.51571 14.906 0.005
8393.55989 14.929 0.005
8401.54608 15.048 0.005
8516.88458 14.833 0.005
8519.86926 14.887 0.005
8522.88722 14.919 0.005
8523.89001 14.928 0.005
8526.88488 14.942 0.005
8528.86877 14.946 0.005
8528.88327 14.946 0.005
8536.84419 14.985 0.005
8538.87076 14.997 0.005
8540.85173 14.987 0.005
8544.81503 15.004 0.005
8546.84302 14.993 0.005
8547.84665 14.992 0.005
8548.86902 14.986 0.005
8549.85798 14.987 0.005
8550.88203 14.994 0.005
8551.89342 14.977 0.005
8553.82054 14.993 0.005
8554.80344 14.983 0.005
8554.90627 14.987 0.005
8555.87635 14.976 0.005
8556.85201 14.992 0.005
8557.82076 14.985 0.005
8558.78036 15.005 0.005
8558.87570 14.990 0.005
8559.83134 14.995 0.005
8560.77370 15.000 0.005
8560.89295 15.002 0.005
8561.85174 14.999 0.005
8562.80801 15.003 0.005
8562.90701 14.996 0.005
8563.87046 14.999 0.005
8564.81931 15.014 0.005
8565.77470 15.003 0.005
8565.88568 15.001 0.005
8566.85286 14.997 0.005
8573.91578 14.935 0.005
8574.87914 14.917 0.005
8575.78453 14.908 0.005
8575.87342 14.897 0.005
8576.81047 14.884 0.005
8576.89951 14.877 0.005
8577.84629 14.861 0.005
8578.74337 14.850 0.005
8578.85370 14.863 0.005
8579.73310 14.849 0.005
8579.82971 14.826 0.005
8580.70973 14.807 0.005
8580.82529 14.809 0.005
8581.71887 14.792 0.005
8581.92458 14.782 0.005
8582.87314 14.752 0.005
8583.81333 14.776 0.005
8584.77624 14.754 0.005
8585.74767 14.740 0.005
8586.71504 14.763 0.005
8587.68719 14.765 0.005
8587.91334 14.765 0.005
8588.85145 14.788 0.005
8589.78705 14.789 0.005
8590.74080 14.818 0.005
8591.72161 14.829 0.005
8592.73472 14.844 0.005
8593.72874 14.872 0.005
8594.69872 14.892 0.005
8594.92555 14.887 0.005
8599.65813 14.981 0.005
8599.79178 14.986 0.005
8599.91445 14.983 0.005
8600.78753 15.003 0.005
8601.70754 15.021 0.005
8602.68644 15.028 0.005
8603.65655 15.050 0.005
8603.87082 15.045 0.005
8604.82097 15.059 0.005
8605.72880 15.043 0.005
8606.69058 15.078 0.005
8607.65492 15.013 0.005
8607.85187 15.068 0.005
8608.79470 15.063 0.005
8612.74861 14.935 0.005
8613.64121 14.896 0.005
8613.86899 14.881 0.005
8614.73675 14.813 0.005
8615.67015 14.769 0.005
8616.63186 14.727 0.005
8616.84021 14.707 0.005
8617.71887 14.673 0.005
8618.65335 14.587 0.005
8618.89984 14.584 0.005
8619.77171 14.530 0.005
8620.69020 14.497 0.005
8621.67747 14.433 0.005
8621.93881 14.443 0.005
8626.70974 14.241 0.005
8626.81392 14.227 0.005
8626.91256 14.237 0.005
8627.69000 14.220 0.005
8635.66239 14.116 0.005
8635.89889 14.121 0.005
8636.72054 14.128 0.005
8637.58096 14.127 0.005
8637.78750 14.140 0.005
8638.66645 14.141 0.005
8639.65964 14.160 0.005
8640.58164 14.149 0.005
8640.81295 14.161 0.005
8641.66307 14.169 0.005
8642.86296 14.189 0.005
8643.70115 14.224 0.005
8644.56414 14.214 0.005
8644.80689 14.221 0.005
8646.63237 14.260 0.005
8646.87775 14.266 0.005
8647.77717 14.287 0.005
8648.69199 14.307 0.005
8649.59658 14.326 0.005
8655.62197 14.454 0.005
8656.63738 14.464 0.005
8657.53787 14.479 0.005
8657.76916 14.493 0.005
8658.58718 14.507 0.005
8660.67124 14.546 0.005
8661.53499 14.554 0.005
8662.57956 14.590 0.005
8664.53764 14.612 0.005
8664.77357 14.644 0.005
8666.52586 14.675 0.005
8666.78326 14.667 0.005
8667.63584 14.696 0.005
8668.47089 14.709 0.005
8668.73419 14.721 0.005
8669.51908 14.722 0.005
8669.78215 14.745 0.005
8670.58095 14.775 0.005
8671.66334 14.762 0.005
8673.71153 14.798 0.005
8674.67645 14.822 0.005
8675.62532 14.835 0.005
8676.49145 14.848 0.005
8676.56875 14.850 0.005
8676.78170 14.838 0.005
8681.49980 14.887 0.005
8681.65662 14.884 0.005
8682.52571 14.903 0.005
8683.50178 14.906 0.005
8683.75702 14.889 0.005
8684.50372 14.907 0.005
8684.73758 14.914 0.005
8685.56737 14.918 0.005
8688.60974 14.931 0.005
8689.53762 14.951 0.005
8689.77861 14.953 0.005
8690.52441 14.949 0.005
8691.49167 14.987 0.005
8691.75399 14.965 0.005
8692.49428 14.992 0.005
8692.69358 14.985 0.005
8693.49347 14.967 0.005
8694.53088 15.012 0.005
8694.73761 15.001 0.005
8695.52773 15.010 0.005
8697.57090 14.977 0.005
8698.49900 15.022 0.005
8698.75402 15.016 0.005
8699.49889 15.027 0.005
8700.49701 15.033 0.005
8700.73423 15.022 0.005
8701.74318 15.024 0.005
8702.65705 15.043 0.005
8704.71101 15.046 0.006
8711.67968 15.101 0.006
8712.63045 15.119 0.005
8713.49703 15.130 0.005
8713.70402 15.127 0.005
8717.49830 15.113 0.005
8718.64979 15.133 0.005
8719.58654 15.147 0.005
8721.50627 15.156 0.005
8723.64887 15.170 0.005
8724.64889 15.185 0.005
8725.59926 15.185 0.005
8726.64066 15.194 0.005
8727.62257 15.196 0.005
8728.64386 15.191 0.005
8729.64106 15.210 0.005
8730.62800 15.217 0.005
8731.60756 15.210 0.006
8736.64530 15.228 0.006
8737.62757 15.222 0.006
8738.59655 15.205 0.006
8739.51191 15.229 0.006
8740.55451 15.200 0.006
8741.60846 15.198 0.006
8742.60737 15.192 0.005
8746.59917 15.170 0.006
8748.59419 15.156 0.005
8753.60987 15.138 0.006
8757.59026 15.125 0.005
8783.52390 14.464 0.005
